1 0.02581908831908832 0.022569444444444448 0.050213675213675216 0.04300213675213676
1 0.025551994301994303 0.07091346153846155 0.04967948717948718 0.05315170940170941
1 0.027332621082621085 0.1280715811965812 0.05324074074074074 0.055822649572649576
1 0.08173076923076923 0.023237179487179488 0.07727920227920228 0.046474358974358976
1 0.07879273504273504 0.07131410256410257 0.08386752136752137 0.0560897435897436
1 0.08199786324786325 0.1263354700854701 0.08742877492877493 0.0625
1 0.1537571225071225 0.028178418803418807 0.07425213675213675 0.056356837606837615
1 0.14948361823361825 0.07224893162393163 0.07995014245014245 0.05795940170940172
1 0.151264245014245 0.13007478632478633 0.07888176638176639 0.0560897435897436
1 0.21866096866096868 0.025641025641025644 0.08012820512820513 0.05128205128205129
1 0.21768162393162394 0.07772435897435898 0.07852564102564102 0.05288461538461539
1 0.21830484330484332 0.13007478632478633 0.07692307692307693 0.0560897435897436
1 0.2868589743589744 0.02577457264957265 0.07977207977207977 0.0515491452991453
1 0.2866809116809117 0.07585470085470086 0.08084045584045585 0.05662393162393163
1 0.286235754985755 0.1278044871794872 0.0795940170940171 0.06063034188034189
1 0.3626246438746439 0.022569444444444448 0.07104700854700854 0.045138888888888895
1 0.3558582621082621 0.07158119658119659 0.07745726495726496 0.05288461538461539
1 0.35523504273504275 0.1278044871794872 0.0787037037037037 0.059561965811965815
1 0.42494658119658124 0.022836538461538464 0.07425213675213675 0.045138888888888895
1 0.42503561253561256 0.07251602564102565 0.07407407407407408 0.052083333333333336
1 0.4246794871794872 0.12847222222222224 0.07478632478632478 0.0592948717948718
1 0.49608262108262113 0.019764957264957268 0.06552706552706553 0.039529914529914535
1 0.49439102564102566 0.06677350427350429 0.06997863247863248 0.053952991452991456
1 0.4934116809116809 0.125133547008547 0.07229344729344729 0.06223290598290599
1 0.5650819088319089 0.02216880341880342 0.07104700854700854 0.042200854700854704
1 0.5649928774928775 0.06997863247863248 0.07229344729344729 0.050213675213675216
1 0.5645477207977209 0.12660256410256412 0.06962250712250713 0.0625
1 0.6371972934472935 0.020966880341880344 0.07247150997150997 0.03926282051282052
1 0.6362179487179488 0.06757478632478633 0.07229344729344729 0.05181623931623932
1 0.6359508547008548 0.12526709401709402 0.07175925925925926 0.06356837606837608
1 0.7069978632478633 0.021901709401709404 0.07888176638176639 0.04166666666666667
1 0.7046830484330485 0.06931089743589744 0.07923789173789174 0.0515491452991453
1 0.7032585470085471 0.1263354700854701 0.0795940170940171 0.0625
1 0.7772435897435898 0.02403846153846154 0.08262108262108263 0.04807692307692308
1 0.7767984330484331 0.07091346153846155 0.08564814814814815 0.05689102564102565
1 0.7764423076923077 0.12913995726495728 0.08457977207977209 0.06063034188034189
1 0.8475783475783476 0.0233707264957265 0.08084045584045585 0.046741452991453
1 0.8511396011396012 0.07305021367521368 0.08618233618233619 0.05422008547008548
1 0.8504273504273505 0.1278044871794872 0.08440170940170941 0.06223290598290599
1 0.9199608262108263 0.024572649572649576 0.0763888888888889 0.04914529914529915
1 0.9242343304843306 0.07518696581196582 0.08422364672364673 0.0638354700854701
1 0.9235220797720798 0.12646901709401712 0.08493589743589744 0.06223290598290599
1 0.9773860398860399 0.02310363247863248 0.04380341880341881 0.04353632478632479
1 0.9768518518518519 0.07264957264957266 0.04487179487179487 0.06410256410256411
1 0.9769408831908832 0.12673611111111113 0.04576210826210826 0.06063034188034189
1 0.027065527065527065 0.20913461538461542 0.05413105413105413 0.053952991452991456
1 0.02866809116809117 0.2620192307692308 0.05733618233618234 0.050747863247863255
1 0.02866809116809117 0.31383547008547014 0.056623931623931624 0.04967948717948718
1 0.028935185185185185 0.36738782051282054 0.05787037037037037 0.056356837606837615
1 0.0827991452991453 0.21006944444444448 0.08725071225071225 0.05422008547008548
1 0.08449074074074074 0.26175213675213677 0.08030626780626782 0.054487179487179495
1 0.08466880341880342 0.3147702991452992 0.08101851851851852 0.052617521367521375
1 0.08564814814814815 0.36912393162393164 0.08155270655270656 0.05662393162393163
1 0.1534900284900285 0.26348824786324787 0.08048433048433049 0.052617521367521375
1 0.15162037037037038 0.31543803418803423 0.07674501424501425 0.050747863247863255
1 0.1518874643874644 0.36952457264957267 0.07621082621082621 0.055822649572649576
1 0.2173254985754986 0.21274038461538464 0.0763888888888889 0.05528846153846154
1 0.21901709401709402 0.26509081196581197 0.07692307692307693 0.05475427350427351
1 0.22320156695156695 0.3163728632478633 0.08457977207977209 0.05368589743589744
1 0.22275641025641027 0.37072649572649574 0.08262108262108263 0.05715811965811966
1 0.28338675213675213 0.20953525641025644 0.07425213675213675 0.05528846153846154
1 0.28730413105413105 0.2640224358974359 0.07567663817663818 0.052083333333333336
1 0.28730413105413105 0.31557158119658124 0.07425213675213675 0.0515491452991453
1 0.2873931623931624 0.37072649572649574 0.07478632478632478 0.05715811965811966
1 0.35318732193732194 0.21127136752136755 0.07104700854700854 0.05235042735042736
1 0.35514601139601143 0.2640224358974359 0.07211538461538462 0.05101495726495727
1 0.35657051282051283 0.3161057692307693 0.07496438746438747 0.0499465811965812
1 0.35746082621082625 0.37059294871794873 0.07567663817663818 0.055822649572649576
1 0.4256588319088319 0.20993589743589747 0.07282763532763534 0.05128205128205129
1 0.4260149572649573 0.2625534188034188 0.07247150997150997 0.05181623931623932
1 0.42619301994301995 0.3151709401709402 0.07175925925925926 0.050747863247863255
1 0.4271723646723647 0.3700587606837607 0.07407407407407408 0.05742521367521368
1 0.4951032763532764 0.21153846153846156 0.07211538461538462 0.05235042735042736
1 0.4951923076923077 0.2642895299145299 0.07229344729344729 0.052083333333333336
1 0.49554843304843305 0.31583867521367526 0.07193732193732194 0.05048076923076924
1 0.49590455840455844 0.37086004273504275 0.07158119658119659 0.05689102564102565
1 0.566684472934473 0.21006944444444448 0.06855413105413105 0.05101495726495727
1 0.5653490028490029 0.26282051282051283 0.07122507122507123 0.050747863247863255
1 0.5653490028490029 0.31423611111111116 0.07086894586894588 0.0515491452991453
1 0.565883190883191 0.3699252136752137 0.0690883190883191 0.058226495726495735
1 0.635505698005698 0.21073717948717952 0.06801994301994302 0.047008547008547015
1 0.6353276353276354 0.26509081196581197 0.0698005698005698 0.060096153846153855
1 0.634704415954416 0.3202457264957265 0.06926638176638177 0.04967948717948718
1 0.6341702279202279 0.3723290598290599 0.06855413105413105 0.05502136752136753
1 0.7081552706552707 0.2104700854700855 0.07621082621082621 0.05235042735042736
1 0.7073539886039887 0.2638888888888889 0.0738960113960114 0.05341880341880342
1 0.7060185185185186 0.31744123931623935 0.07621082621082621 0.052617521367521375
1 0.7054843304843306 0.37313034188034194 0.0754985754985755 0.057692307692307696
1 0.784633190883191 0.21314102564102566 0.07496438746438747 0.058226495726495735
1 0.7759081196581197 0.26696047008547014 0.0820868945868946 0.05315170940170941
1 0.7747507122507122 0.31931089743589747 0.08155270655270656 0.05101495726495727
1 0.7736823361823362 0.374465811965812 0.08190883190883191 0.05876068376068377
1 0.8514957264957266 0.2154113247863248 0.07443019943019943 0.05368589743589744
1 0.8481125356125356 0.26869658119658124 0.07727920227920228 0.050747863247863255
1 0.8465099715099715 0.3201121794871795 0.07763532763532764 0.0515491452991453
1 0.8448183760683761 0.37486645299145305 0.07923789173789174 0.05689102564102565
1 0.9198717948717949 0.2640224358974359 0.08582621082621084 0.05689102564102565
1 0.9192485754985755 0.3194444444444445 0.08386752136752137 0.050747863247863255
1 0.9182692307692308 0.3755341880341881 0.08440170940170941 0.05715811965811966
1 0.9691061253561254 0.21420940170940173 0.061431623931623935 0.05288461538461539
1 0.9732905982905984 0.265758547008547 0.053062678062678066 0.05288461538461539
1 0.9722222222222223 0.3202457264957265 0.0551994301994302 0.0560897435897436
1 0.9712428774928775 0.37620192307692313 0.056801994301994306 0.05742521367521368
1 0.030003561253561253 0.4539262820512821 0.06000712250712251 0.0515491452991453
1 0.027510683760683764 0.5042735042735044 0.05466524216524217 0.047008547008547015
1 0.026531339031339033 0.5534188034188035 0.05270655270655271 0.04754273504273505
1 0.02849002849002849 0.6041666666666667 0.056267806267806274 0.04967948717948718
1 0.119747150997151 0.4535256410256411 0.04967948717948718 0.04754273504273505
1 0.08751780626780627 0.5020032051282052 0.08244301994301995 0.05422008547008548
1 0.14289529914529916 0.5022702991452992 0.02688746438746439 0.045138888888888895
1 0.08413461538461539 0.5531517094017094 0.08066239316239317 0.05235042735042736
1 0.08342236467236468 0.6060363247863249 0.07816951566951567 0.05181623931623932
1 0.15455840455840456 0.5535523504273505 0.07371794871794872 0.0499465811965812
1 0.15384615384615385 0.6043002136752137 0.07371794871794872 0.052617521367521375
1 0.21634615384615385 0.45312500000000006 0.06837606837606838 0.05101495726495727
1 0.21723646723646725 0.5048076923076924 0.0690883190883191 0.04861111111111112
1 0.21768162393162394 0.5548878205128206 0.06926638176638177 0.048878205128205135
1 0.21785968660968663 0.6064369658119658 0.06926638176638177 0.052617521367521375
1 0.28543447293447294 0.4541933760683761 0.06801994301994302 0.0515491452991453
1 0.28730413105413105 0.5045405982905984 0.06997863247863248 0.050213675213675216
1 0.2855235042735043 0.5550213675213675 0.0681980056980057 0.04967948717948718
1 0.2865918803418804 0.6069711538461539 0.06997863247863248 0.05315170940170941
1 0.3558582621082621 0.45339209401709407 0.07496438746438747 0.05315170940170941
1 0.3532763532763533 0.5052083333333334 0.07015669515669516 0.0515491452991453
1 0.35345441595441596 0.5562232905982907 0.0690883190883191 0.0515491452991453
1 0.3527421652421653 0.608707264957265 0.0698005698005698 0.05502136752136753
1 0.4239672364672365 0.45499465811965817 0.07086894586894588 0.05315170940170941
1 0.42316595441595445 0.5068108974358975 0.07033475783475784 0.0515491452991453
1 0.42298789173789175 0.5574252136752137 0.0706908831908832 0.05128205128205129
1 0.4224537037037037 0.608974358974359 0.06855413105413105 0.05341880341880342
1 0.49421296296296297 0.45486111111111116 0.07104700854700854 0.05341880341880342
1 0.49385683760683763 0.5065438034188035 0.07104700854700854 0.05315170940170941
1 0.49278846153846156 0.5576923076923077 0.07033475783475784 0.05235042735042736
1 0.49278846153846156 0.6097756410256411 0.06997863247863248 0.0560897435897436
1 0.5612535612535613 0.4573985042735043 0.04914529914529915 0.044070512820512824
1 0.5639245014245015 0.5050747863247864 0.07051282051282051 0.05341880341880342
1 0.5639245014245015 0.5571581196581197 0.07086894586894588 0.05288461538461539
1 0.5636574074074074 0.6099091880341881 0.07033475783475784 0.05475427350427351
1 0.6328347578347578 0.4477831196581197 0.07193732193732194 0.030181623931623935
1 0.6329237891737892 0.4779647435897436 0.07282763532763534 0.029113247863247867
1 0.6333689458689459 0.5081463675213675 0.07264957264957266 0.02857905982905983
1 0.6332799145299146 0.5372596153846154 0.07140313390313391 0.02857905982905983
1 0.6341702279202279 0.5663728632478633 0.07175925925925926 0.0280448717948718
1 0.6335470085470086 0.5950854700854702 0.07015669515669516 0.028311965811965815
1 0.6342592592592593 0.6256677350427351 0.07086894586894588 0.030715811965811968
1 0.7049501424501425 0.45819978632478636 0.07015669515669516 0.055822649572649576
1 0.7038817663817665 0.5116185897435898 0.07229344729344729 0.05368589743589744
1 0.7031695156695157 0.5631677350427351 0.07229344729344729 0.052083333333333336
1 0.7031695156695157 0.6155181623931625 0.0698005698005698 0.055822649572649576
1 0.7751068376068376 0.4603365384615385 0.0690883190883191 0.052617521367521375
1 0.7744836182336182 0.5118856837606838 0.0681980056980057 0.0515491452991453
1 0.7736823361823362 0.562366452991453 0.06944444444444445 0.052083333333333336
1 0.7731481481481481 0.6155181623931625 0.07015669515669516 0.05422008547008548
1 0.8458867521367521 0.46100427350427353 0.06997863247863248 0.05555555555555556
1 0.8433048433048433 0.513888888888889 0.06801994301994302 0.050213675213675216
1 0.844017094017094 0.5638354700854702 0.0698005698005698 0.04914529914529915
1 0.8436609686609687 0.6157852564102565 0.07015669515669516 0.05422008547008548
1 0.9155092592592593 0.4600694444444445 0.07603276353276353 0.052083333333333336
1 0.9158653846153847 0.5125534188034189 0.07816951566951567 0.050213675213675216
1 0.9155982905982907 0.5635683760683762 0.07727920227920228 0.05235042735042736
1 0.9163105413105413 0.6171207264957266 0.07621082621082621 0.056356837606837615
1 0.9738247863247864 0.46167200854700857 0.05163817663817664 0.05315170940170941
1 0.9724893162393163 0.514690170940171 0.05466524216524217 0.05235042735042736
1 0.9722222222222223 0.5665064102564104 0.0551994301994302 0.054487179487179495
1 0.972400284900285 0.6205929487179488 0.0551994301994302 0.05795940170940172
1 0.029380341880341884 0.73170405982906 0.05840455840455841 0.06330128205128206
1 0.02777777777777778 0.7888621794871795 0.0551994301994302 0.04941239316239317
1 0.0296474358974359 0.8376068376068377 0.0592948717948718 0.047008547008547015
1 0.08440170940170941 0.6893696581196582 0.08297720797720798 0.05181623931623932
1 0.08805199430199431 0.7407852564102565 0.0860042735042735 0.04941239316239317
1 0.08529202279202279 0.7915331196581198 0.07656695156695158 0.05048076923076924
1 0.08618233618233619 0.8408119658119659 0.07763532763532764 0.04914529914529915
1 0.14440883190883191 0.7451923076923078 0.08012820512820513 0.039529914529914535
1 0.15073005698005698 0.702457264957265 0.04683048433048433 0.04113247863247864
1 0.15295584045584046 0.7920673076923078 0.07264957264957266 0.052617521367521375
1 0.15073005698005698 0.842280982905983 0.07033475783475784 0.0515491452991453
1 0.2371794871794872 0.6722756410256411 0.0405982905982906 0.0186965811965812
1 0.22293447293447294 0.7055288461538463 0.0754985754985755 0.048878205128205135
1 0.22284544159544162 0.7429220085470086 0.07532051282051283 0.030715811965811968
1 0.2199074074074074 0.7698985042735044 0.07229344729344729 0.03125
1 0.21972934472934474 0.796741452991453 0.07229344729344729 0.03258547008547009
1 0.21759259259259262 0.8249198717948719 0.06766381766381767 0.03125
1 0.21901709401709402 0.8517628205128206 0.07336182336182337 0.03365384615384616
1 0.28579059829059833 0.6917735042735044 0.07585470085470086 0.05288461538461539
1 0.286502849002849 0.7419871794871795 0.07371794871794872 0.05181623931623932
1 0.28730413105413105 0.7913995726495727 0.07567663817663818 0.05288461538461539
1 0.28561253561253563 0.842013888888889 0.07086894586894588 0.05315170940170941
1 0.36209045584045585 0.7184829059829061 0.06356837606837608 0.06677350427350429
1 0.35701566951566954 0.780582264957265 0.07478632478632478 0.07077991452991454
1 0.35692663817663817 0.8286591880341881 0.07425213675213675 0.07558760683760685
1 0.42094017094017094 0.7377136752136753 0.07086894586894588 0.07104700854700856
1 0.42129629629629634 0.7940705128205129 0.07051282051282051 0.05982905982905984
1 0.4204059829059829 0.8449519230769231 0.0698005698005698 0.059561965811965815
1 0.4912749287749288 0.6964476495726496 0.07193732193732194 0.055822649572649576
1 0.49091880341880345 0.7466613247863249 0.07122507122507123 0.055822649572649576
1 0.4903846153846154 0.79553952991453 0.07051282051282051 0.05742521367521368
1 0.49082977207977213 0.8484241452991453 0.06962250712250713 0.05368589743589744
1 0.563034188034188 0.6959134615384616 0.0690883190883191 0.055822649572649576
1 0.561698717948718 0.74866452991453 0.06891025641025642 0.05235042735042736
1 0.5615206552706553 0.7979433760683762 0.06962250712250713 0.05475427350427351
1 0.5603632478632479 0.8480235042735044 0.07015669515669516 0.05555555555555556
1 0.6327457264957266 0.6995192307692308 0.06962250712250713 0.05502136752136753
1 0.6318554131054132 0.749866452991453 0.07033475783475784 0.05422008547008548
1 0.6316773504273504 0.8000801282051283 0.07033475783475784 0.056356837606837615
1 0.6305199430199431 0.8501602564102565 0.07086894586894588 0.05662393162393163
1 0.7039707977207977 0.7008547008547009 0.07104700854700854 0.05555555555555556
1 0.702724358974359 0.7514690170940171 0.0706908831908832 0.05528846153846154
1 0.7022792022792023 0.8019497863247864 0.07015669515669516 0.056356837606837615
1 0.7014779202279202 0.8534989316239318 0.07033475783475784 0.05689102564102565
1 0.7752849002849003 0.7008547008547009 0.0698005698005698 0.05555555555555556
1 0.7737713675213675 0.7522702991452992 0.06962250712250713 0.05475427350427351
1 0.7726139601139601 0.8031517094017094 0.07015669515669516 0.05555555555555556
1 0.7723468660968661 0.8545673076923078 0.07033475783475784 0.05422008547008548
1 0.844017094017094 0.7065972222222223 0.07478632478632478 0.03979700854700855
1 0.8426816239316239 0.7375801282051283 0.07104700854700854 0.03605769230769231
1 0.84375 0.779380341880342 0.07460826210826212 0.05288461538461539
1 0.844284188034188 0.827991452991453 0.07282763532763534 0.058226495726495735
1 0.8444622507122508 0.8681891025641026 0.07282763532763534 0.03819444444444445
1 0.9183582621082621 0.7067307692307693 0.07247150997150997 0.05876068376068377
1 0.9157763532763533 0.7600160256410258 0.07514245014245015 0.05795940170940172
1 0.9150641025641026 0.8088942307692308 0.07443019943019943 0.06169871794871795
1 0.9157763532763533 0.8612446581196582 0.07336182336182337 0.060096153846153855
1 0.9693732193732194 0.7505341880341881 0.059472934472934474 0.07371794871794872
1 0.9733796296296297 0.8088942307692308 0.052528490028490034 0.059561965811965815
1 0.9738247863247864 0.8613782051282052 0.05235042735042735 0.0592948717948718
1 0.02688746438746439 0.9182692307692308 0.053062678062678066 0.04914529914529915
1 0.028133903133903137 0.968349358974359 0.056267806267806274 0.04941239316239317
1 0.025284900284900286 0.9955929487179488 0.050213675213675216 0.006677350427350428
1 0.08110754985754987 0.9193376068376069 0.0625 0.04807692307692308
1 0.08520299145299146 0.968616452991453 0.07104700854700854 0.048344017094017096
1 0.0848468660968661 0.9906517094017095 0.06891025641025642 0.01762820512820513
1 0.1521545584045584 0.920673076923077 0.0706908831908832 0.046474358974358976
1 0.15295584045584046 0.967815170940171 0.07158119658119659 0.052083333333333336
1 0.15322293447293447 0.9905181623931625 0.06855413105413105 0.017895299145299148
1 0.22248931623931625 0.950721153846154 0.07674501424501425 0.07986111111111112
1 0.22044159544159544 0.9897168803418804 0.07193732193732194 0.020032051282051284
1 0.28703703703703703 0.9274839743589745 0.06766381766381767 0.052617521367521375
1 0.28543447293447294 0.9740918803418804 0.06801994301994302 0.05128205128205129
1 0.3496260683760684 0.9284188034188036 0.06962250712250713 0.050747863247863255
1 0.34953703703703703 0.9739583333333335 0.07051282051282051 0.05101495726495727
1 0.4187143874643875 0.9281517094017095 0.06784188034188035 0.04807692307692308
1 0.4188924501424502 0.9727564102564104 0.06641737891737892 0.05288461538461539
1 0.48726851851851855 0.9293536324786326 0.0681980056980057 0.05048076923076924
1 0.4871794871794872 0.9726228632478634 0.0690883190883191 0.05475427350427351
1 0.5566239316239316 0.9302884615384617 0.06837606837606838 0.05128205128205129
1 0.556445868945869 0.9732905982905984 0.0690883190883191 0.05288461538461539
1 0.6263354700854701 0.9322916666666667 0.06891025641025642 0.0515491452991453
1 0.6246438746438747 0.9762286324786326 0.0690883190883191 0.047008547008547015
1 0.6958689458689459 0.9354967948717949 0.06801994301994302 0.0515491452991453
1 0.6941773504273505 0.9766292735042736 0.0706908831908832 0.04620726495726496
1 0.7662927350427351 0.9377670940170941 0.07140313390313391 0.05128205128205129
1 0.7654024216524217 0.9770299145299146 0.07175925925925926 0.04433760683760684
1 0.8316417378917379 0.9616720085470086 0.07923789173789174 0.07612179487179488
1 0.9081196581196581 0.9435096153846155 0.07443019943019943 0.05315170940170941
1 0.9081196581196581 0.9803685897435899 0.07407407407407408 0.03872863247863248
1 0.9716880341880343 0.9492521367521368 0.05555555555555556 0.05715811965811966
1 0.9706196581196581 0.9878472222222223 0.05840455840455841 0.023771367521367524
1 0.41907051282051283 0.9835737179487181 0.0681980056980057 0.032852564102564104
1 0.4878027065527066 0.9835737179487181 0.06855413105413105 0.032852564102564104
1 0.5552884615384616 0.983707264957265 0.06677350427350427 0.032051282051282055
1 0.624198717948718 0.983707264957265 0.06784188034188035 0.03258547008547009
1 0.6897257834757835 0.9846420940170941 0.0681980056980057 0.030181623931623935
1 0.28543447293447294 0.9877136752136754 0.06837606837606838 0.02243589743589744
1 0.35016025641025644 0.9861111111111112 0.0706908831908832 0.027243589743589747
