1 0.9501566242859776 0.06252045826513912 0.09673852957435047 0.12307692307692308
1 0.8518518518518519 0.06415711947626841 0.09250046065966464 0.12176759410801966
1 0.8002579694121983 0.07495908346972177 0.006633499170812604 0.09427168576104747
1 0.753731343283582 0.0635024549918167 0.07831214298875991 0.12307692307692308
1 0.669983416252073 0.0635024549918167 0.0814446287083103 0.12504091653027824
1 0.5850377740925005 0.0639934533551555 0.08181315644002211 0.12405891980360066
1 0.5393403353602358 0.04795417348608838 0.007002026902524415 0.03567921440261866
1 0.539248203427308 0.08641571194762684 0.007554818500092132 0.032078559738134206
1 0.4927215772986917 0.061702127659574474 0.0843928505620048 0.12274959083469723
1 0.445365763773724 0.07921440261865795 0.008107610097659848 0.09099836333878888
1 0.40031324857195505 0.061865793780687406 0.07904919845218353 0.12373158756137481
1 0.3193292795282845 0.06333878887070377 0.07997051778146305 0.1253682487725041
1 0.2408328726736687 0.06432078559738134 0.07370554634236226 0.12602291325695583
1 0.164086972544684 0.06432078559738134 0.07683803206191266 0.12667757774140753
1 0.08595909342177999 0.06432078559738134 0.07573244886677723 0.12471358428805239
1 0.023677906762483877 0.06595744680851065 0.0455131748664087 0.12929623567921442
1 0.984337571402248 0.24108019639934536 0.03058780173208034 0.1914893617021277
1 0.9611203243044039 0.2518821603927987 0.013635526073337019 0.1679214402618658
1 0.9147779620416436 0.2528641571194763 0.07536392113506542 0.16988543371522097
1 0.834070388796757 0.25139116202945994 0.08199742030587802 0.16890343698854338
1 0.7504145936981758 0.24140752864157122 0.0812603648424544 0.19279869067103111
1 0.6633499170812603 0.24255319148936172 0.08955223880597014 0.18985270049099837
1 0.5793255942509674 0.24860883797054012 0.0777593513911922 0.17905073649754502
1 0.4957619310853142 0.24320785597381345 0.08568269762299613 0.18985270049099837
1 0.4094343099318224 0.24615384615384617 0.08402432283029299 0.1806873977086743
1 0.324304403906394 0.2446808510638298 0.08660401695227565 0.18625204582651392
1 0.2406486088078128 0.24369885433715222 0.07702229592776856 0.18952536824877253
1 0.15459738345310484 0.24959083469721768 0.09213193292795283 0.1777414075286416
1 0.08844665561083472 0.29394435351882164 0.037589828634604756 0.08903436988543373
1 0.03178551686014373 0.24746317512274962 0.0617283950617284 0.18919803600654667
1 0.07591671273263313 0.20343698854337153 0.02211166390270868 0.08085106382978724
1 0.9926294453657638 0.4710310965630115 0.012898470609913396 0.18592471358428805
1 0.9417726183895339 0.4680851063829788 0.08365579509858116 0.19639934533551556
1 0.8571955039616731 0.4659574468085107 0.08291873963515754 0.20196399345335517
1 0.7705914870093975 0.4620294599018004 0.08623548922056384 0.20458265139116205
1 0.7177077575087525 0.4124386252045827 0.01658374792703151 0.09492635024549918
1 0.6681407775935139 0.43109656301145666 0.07444260180578588 0.06481178396072014
1 0.6828818868619864 0.4926350245499182 0.08218168417173392 0.05826513911620295
1 0.6880412751059517 0.5438625204582652 0.07112585222037958 0.03829787234042553
1 0.5925925925925926 0.4821603927986907 0.07296849087893864 0.17021276595744683
1 0.5055279159756771 0.40474631751227497 0.09563294637921503 0.05073649754500819
1 0.5046987285793256 0.5003273322422259 0.09176340519624102 0.13060556464811784
1 0.41606780910263497 0.46481178396072015 0.08218168417173392 0.19574468085106383
1 0.33268840980283765 0.4633387888707038 0.0812603648424544 0.2026186579378069
1 0.2528100239543026 0.4770867430441899 0.07186290768380321 0.1751227495908347
1 0.17293163810576745 0.4654664484451719 0.08826239174497881 0.19378068739770868
1 0.08835452367790676 0.46759410801963996 0.07646950433020085 0.1914893617021277
1 0.039893126957803574 0.474468085106383 0.017136539524599228 0.18036006546644845
1 0.01529390086604017 0.4693944353518822 0.028745163073521283 0.20294599018003276
1 0.004975124378109453 0.6762684124386252 0.008107610097659848 0.1590834697217676
1 0.06062281186659296 0.7085106382978724 0.09913395983047725 0.23338788870703767
1 0.12023217247097845 0.7144026186579379 0.016768011792887415 0.1711947626841244
1 0.17707757508752534 0.7088379705400982 0.09360604385480008 0.23076923076923078
1 0.2756587433204349 0.7073649754500819 0.09397457158651189 0.2356792144026187
1 0.37470057121798417 0.7207855973813421 0.10189791781831582 0.2258592471358429
1 0.43486272341993737 0.7039279869067103 0.013635526073337019 0.20458265139116205
1 0.4480375898286346 0.6977086743044191 0.010134512622074812 0.17381342062193128
1 0.5068177630366685 0.7129296235679214 0.1011608623548922 0.22454991816693945
1 0.5637552975861434 0.7216039279869068 0.011240095817210246 0.09852700490998365
1 0.5764695043302008 0.7029459901800328 0.011977151280633867 0.13387888707037646
1 0.6335913027455317 0.7243862520458265 0.09968675142804496 0.20556464811783962
1 0.7298691726552423 0.7229132569558102 0.08623548922056384 0.2032733224222586
1 0.8345310484613967 0.7173486088379706 0.08734107241569929 0.21505728314238953
1 0.7828450340888152 0.7062193126022914 0.011240095817210246 0.19345335515548284
1 0.937534549474848 0.711783960720131 0.11018979178183158 0.2314238952536825
1 0.9963147226828819 0.7230769230769232 0.006633499170812604 0.21145662847790508
1 0.04265708494564216 0.9274959083469723 0.0845771144278607 0.14435351882160394
1 0.1480560162152202 0.9273322422258593 0.12400958172102451 0.14140752864157122
1 0.261746821448314 0.9558101472995091 0.10005527915975677 0.08772504091653029
1 0.234383637368712 0.8831423895253683 0.04532891100055279 0.05106382978723405
1 0.37764879307167865 0.9577741407528643 0.12437810945273632 0.08379705400981997
1 0.38529574350469875 0.8851063829787235 0.12087709600147412 0.056301145662847794
1 0.4623180394324673 0.9029459901800329 0.019531969780726 0.09590834697217676
1 0.5202690252441496 0.9554828150572832 0.09379030772065598 0.08707037643207857
1 0.5353786622443338 0.8923076923076924 0.07646950433020085 0.03666121112929624
1 0.6382900313248572 0.9297872340425533 0.11461212456237332 0.1364975450081833
1 0.7419384558688041 0.9306055646481179 0.09010503040353787 0.13551554828150575
1 0.8433757140224802 0.9297872340425533 0.10392482034273079 0.1397708674304419
1 0.8971807628524047 0.8667757774140754 0.0 0.0
1 0.9487746452920582 0.932569558101473 0.09876543209876543 0.13224222585924714
0 0.8895338124193846 0.34762684124386256 0.011977151280633867 0.015057283142389527
0 0.810576745900129 0.34713584288052374 0.019531969780726 0.015384615384615385
0 0.7183526810392482 0.3492635024549918 0.022295927768564584 0.016366612111292964
0 0.5828266077022296 0.3484451718494272 0.01990049751243781 0.016693944353518824
0 0.419845218352681 0.34893617021276596 0.020084761378293715 0.016366612111292964
0 0.2902155887230514 0.34991816693944355 0.020637552975861433 0.016366612111292964
0 0.06974387322646029 0.3513911620294599 0.018979178183158283 0.014729950900163668
0 0.1304588170259812 0.3515548281505729 0.01990049751243781 0.016366612111292964
0 0.9248203427307905 0.5775777414075287 0.019531969780726 0.016693944353518824
0 0.8377556661138751 0.576759410801964 0.019716233646581906 0.016366612111292964
0 0.6849087893864013 0.5918166939443535 0.0777593513911922 0.04320785597381342
0 0.48120508568269765 0.5770867430441899 0.020084761378293715 0.017675941080196402
0 0.126957803574719 0.5751227495908348 0.020269025244149624 0.01702127659574468
0 0.2980468030219274 0.5782324058919804 0.020084761378293715 0.016693944353518824
0 0.3478901787359499 0.530441898527005 0.001105583195135434 0.004909983633387889
0 0.380873410724157 0.5783960720130933 0.021006080707573246 0.01702127659574468
0 0.9234383637368712 0.8415711947626842 0.020084761378293715 0.017675941080196402
0 0.8148148148148148 0.8399345335515549 0.019531969780726 0.018985270049099837
0 0.7465450525152018 0.8477905073649755 0.02045328911000553 0.01833060556464812
0 0.5775750875253363 0.8450081833060558 0.019716233646581906 0.01734860883797054
0 0.35010134512622076 0.8425531914893618 0.01105583195135434 0.01374795417348609
0 0.3885203611571771 0.8430441898527006 0.02045328911000553 0.014729950900163668
0 0.22535470794177262 0.8412438625204584 0.019531969780726 0.017675941080196402
