1 0.018563080096253008 0.007936507936507936 0.03643863870745961 0.015873015873015872
1 0.017875558611206602 0.033482142857142856 0.035751117222413205 0.06101190476190476
1 0.018047438982468203 0.08345734126984126 0.036094877964936406 0.06274801587301587
1 0.06909590924716398 0.012152777777777776 0.06600206256445515 0.024305555555555552
1 0.06806462701959437 0.04253472222222222 0.06393949810931591 0.05778769841269841
1 0.13131660364386388 0.04538690476190476 0.06256445513922311 0.05853174603174603
1 0.13148848401512547 0.09399801587301587 0.06497078033688553 0.05803571428571428
1 0.06668958404950155 0.09188988095238095 0.06462701959436233 0.05828373015873015
1 0.017875558611206602 0.13033234126984125 0.035751117222413205 0.055803571428571425
1 0.06823650739085597 0.13516865079365079 0.06565830182193194 0.04662698412698413
1 0.13131660364386388 0.13653273809523808 0.06325197662426951 0.04389880952380952
1 0.1320041251289103 0.01029265873015873 0.05981436919903747 0.02058531746031746
1 0.19302165692677897 0.012648809523809524 0.0629082158817463 0.025297619047619048
1 0.19216225507047097 0.04303075396825397 0.06325197662426951 0.054811507936507936
1 0.2535235476108629 0.01277281746031746 0.05878308697146786 0.02554563492063492
1 0.2545548298384325 0.04352678571428571 0.057408044001375044 0.053323412698412696
1 0.3111034719834995 0.009300595238095238 0.05156411137848058 0.018601190476190476
1 0.3123066345823307 0.04216269841269841 0.056720522516328635 0.05555555555555555
1 0.37538673083533863 0.011036706349206348 0.058439326228944655 0.022073412698412696
1 0.3759023719491234 0.04365079365079365 0.06153317291165349 0.05803571428571428
1 0.37607425232038505 0.09201388888888888 0.06256445513922311 0.05357142857142857
1 0.31385355792368513 0.09151785714285714 0.06050189068408388 0.05406746031746031
1 0.19336541766930218 0.09375 0.0629082158817463 0.05654761904761904
1 0.25575799243726366 0.09474206349206349 0.06050189068408388 0.054563492063492064
1 0.1942248195256102 0.13678075396825395 0.061876933654176694 0.04241071428571428
1 0.2543829494671709 0.1369047619047619 0.06050189068408388 0.04216269841269841
1 0.31643176349260915 0.13616071428571427 0.0629082158817463 0.04265873015873016
1 0.37762117566173947 0.13603670634920634 0.060158129941560674 0.04241071428571428
1 0.4374355448607769 0.1349206349206349 0.06153317291165349 0.043154761904761904
1 0.499140598143692 0.13430059523809523 0.06118941216913029 0.04389880952380952
1 0.5611894121691303 0.13343253968253968 0.06153317291165349 0.04365079365079365
1 0.43881058783086974 0.09201388888888888 0.05947060845651427 0.05654761904761904
1 0.4986249570299072 0.08978174603174603 0.060845651426607084 0.05505952380952381
1 0.5613612925403919 0.08940972222222222 0.06118941216913029 0.05679563492063492
1 0.6228944654520454 0.1328125 0.061876933654176694 0.044394841269841265
1 0.6235819869370918 0.08916170634920634 0.06118941216913029 0.05679563492063492
1 0.4362323822619457 0.010416666666666666 0.06118941216913029 0.020833333333333332
1 0.4364042626332073 0.041294642857142856 0.06153317291165349 0.05679563492063492
1 0.4986249570299072 0.0404265873015873 0.060845651426607084 0.05654761904761904
1 0.498281196287384 0.009672619047619048 0.0622206943966999 0.019345238095238096
1 0.5596424888277759 0.00954861111111111 0.06118941216913029 0.01909722222222222
1 0.5598143691990375 0.041294642857142856 0.058095565486421454 0.055803571428571425
1 0.6218631832244758 0.00744047619047619 0.06325197662426951 0.01488095238095238
1 0.6237538673083535 0.0390625 0.06153317291165349 0.057291666666666664
1 0.6858026813337917 0.008432539682539682 0.061876933654176694 0.016865079365079364
1 0.7473358542454452 0.008308531746031746 0.06118941216913029 0.016617063492063492
1 0.8104159504984532 0.006324404761904762 0.06565830182193194 0.012648809523809524
1 0.8112753523547611 0.03273809523809523 0.06393949810931591 0.0560515873015873
1 0.6851151598487453 0.037698412698412696 0.06325197662426951 0.05952380952380952
1 0.7476796149879684 0.03757440476190476 0.06118941216913029 0.057291666666666664
1 0.8745273289790306 0.032862103174603176 0.061876933654176694 0.05530753968253968
1 0.6859745617050533 0.0876736111111111 0.060158129941560674 0.05629960317460317
1 0.7475077346167068 0.08630952380952381 0.060845651426607084 0.05505952380952381
1 0.8109315916122379 0.08308531746031746 0.06256445513922311 0.05654761904761904
1 0.6858026813337917 0.1318204365079365 0.06050189068408388 0.044890873015873016
1 0.7481952561017532 0.13120039682539683 0.05947060845651427 0.04464285714285714
1 0.8104159504984532 0.1294642857142857 0.06428325885183912 0.047619047619047616
1 0.8750429700928154 0.005580357142857142 0.0629082158817463 0.011160714285714284
1 0.9377793056033001 0.005704365079365079 0.06118941216913029 0.011408730158730158
1 0.9840151254726711 0.005704365079365079 0.031282227569611555 0.011408730158730158
1 0.9369199037469922 0.0326140873015873 0.06153317291165349 0.05679563492063492
1 0.9848745273289791 0.031994047619047616 0.03025094534204194 0.05555555555555555
1 0.8750429700928154 0.08172123015873016 0.0622206943966999 0.054315476190476185
1 0.9384668270883466 0.08134920634920634 0.06256445513922311 0.05654761904761904
1 0.9843588862151943 0.0808531746031746 0.031282227569611555 0.05704365079365079
1 0.8755586112066003 0.12785218253968253 0.061876933654176694 0.04836309523809523
1 0.9386387074596082 0.1271081349206349 0.0629082158817463 0.048859126984126984
1 0.9852182880715022 0.1263640873015873 0.028875902371949126 0.047371031746031744
1 0.019938123066345823 0.2058531746031746 0.039876246132691646 0.06200396825396825
1 0.07218975592987281 0.21602182539682538 0.06325197662426951 0.059027777777777776
1 0.13406668958404952 0.21775793650793648 0.058439326228944655 0.05654761904761904
1 0.19353729804056377 0.21688988095238093 0.06118941216913029 0.055803571428571425
1 0.25472671020969406 0.2163938492063492 0.06118941216913029 0.05679563492063492
1 0.019766242695084223 0.25744047619047616 0.039532485390168445 0.057539682539682536
1 0.0718459951873496 0.2667410714285714 0.06531454107940873 0.05679563492063492
1 0.1330354073564799 0.2677331349206349 0.061876933654176694 0.054315476190476185
1 0.1942248195256102 0.2666170634920635 0.061876933654176694 0.057539682539682536
1 0.2543829494671709 0.26723710317460314 0.06118941216913029 0.05629960317460317
1 0.020281883808869028 0.3084077380952381 0.040563767617738056 0.05927579365079365
1 0.020281883808869028 0.35726686507936506 0.040563767617738056 0.05679563492063492
1 0.0713303540735648 0.31374007936507936 0.06497078033688553 0.05357142857142857
1 0.1344104503265727 0.3156001984126984 0.059126847713991064 0.05381944444444444
1 0.07218975592987281 0.36073908730158727 0.06325197662426951 0.048859126984126984
1 0.13320728772774149 0.36160714285714285 0.060158129941560674 0.047619047619047616
1 0.19353729804056377 0.31398809523809523 0.06118941216913029 0.05208333333333333
1 0.1945685802681334 0.36098710317460314 0.06256445513922311 0.047371031746031744
1 0.25558611206600207 0.3149801587301587 0.06428325885183912 0.053075396825396824
1 0.2569611550360949 0.361235119047619 0.0629082158817463 0.04637896825396825
1 0.31488484015125473 0.21527777777777776 0.06256445513922311 0.05803571428571428
1 0.3750429700928154 0.21478174603174602 0.06325197662426951 0.05803571428571428
1 0.43691990374699213 0.21428571428571427 0.06118941216913029 0.057539682539682536
1 0.4996562392574768 0.21354166666666666 0.0629082158817463 0.05853174603174603
1 0.31625988312134756 0.26512896825396826 0.06050189068408388 0.05357142857142857
1 0.37693365417669306 0.2648809523809524 0.06359573736679272 0.05555555555555555
1 0.4381230663458233 0.2646329365079365 0.0629082158817463 0.05505952380952381
1 0.5008594018563081 0.26413690476190477 0.06256445513922311 0.05555555555555555
1 0.3159161223788243 0.31411210317460314 0.061876933654176694 0.053323412698412696
1 0.3774492952904778 0.31374007936507936 0.06256445513922311 0.05357142857142857
1 0.3179786868339636 0.3614831349206349 0.06256445513922311 0.047371031746031744
1 0.37899621863183225 0.3604910714285714 0.0622206943966999 0.04935515873015873
1 0.43949810931591615 0.3142361111111111 0.06359573736679272 0.054563492063492064
1 0.44070127191474734 0.36086309523809523 0.061876933654176694 0.047619047619047616
1 0.5012031625988312 0.3602430555555555 0.061876933654176694 0.04786706349206349
1 0.5013750429700928 0.31312003968253965 0.060845651426607084 0.05381944444444444
1 0.5625644551392232 0.3132440476190476 0.06153317291165349 0.05357142857142857
1 0.5632519766242695 0.35999503968253965 0.060845651426607084 0.047371031746031744
1 0.6239257476796151 0.359375 0.061876933654176694 0.04811507936507936
1 0.6866620831900997 0.35825892857142855 0.06359573736679272 0.04836309523809523
1 0.7502578205568925 0.3571428571428571 0.06359573736679272 0.048611111111111105
1 0.6246132691646614 0.3111359126984127 0.061876933654176694 0.05183531746031746
1 0.6868339635613613 0.3097718253968254 0.06393949810931591 0.053075396825396824
1 0.7502578205568925 0.30902777777777773 0.0622206943966999 0.05208333333333333
1 0.5618769336541767 0.2130456349206349 0.0622206943966999 0.057539682539682536
1 0.5622206943967 0.2642609126984127 0.0629082158817463 0.054811507936507936
1 0.6242695084221382 0.21217757936507936 0.06256445513922311 0.05679563492063492
1 0.624785149535923 0.2622767857142857 0.06153317291165349 0.055803571428571425
1 0.6858026813337917 0.21081349206349206 0.06256445513922311 0.05704365079365079
1 0.6871777243038846 0.259796626984127 0.06256445513922311 0.053323412698412696
1 0.7493984187005844 0.2093253968253968 0.06256445513922311 0.05555555555555555
1 0.7492265383293228 0.25843253968253965 0.06153317291165349 0.05257936507936507
1 0.8124785149535924 0.20746527777777776 0.0629082158817463 0.05530753968253968
1 0.8759023719491235 0.20696924603174602 0.06462701959436233 0.05629960317460317
1 0.9405293915434858 0.20647321428571427 0.06462701959436233 0.05629960317460317
1 0.8759023719491235 0.25744047619047616 0.06462701959436233 0.05406746031746031
1 0.8123066345823308 0.25756448412698413 0.06256445513922311 0.054315476190476185
1 0.9400137504297009 0.2560763888888889 0.06359573736679272 0.05530753968253968
1 0.9867652114128567 0.20473710317460317 0.02578205568924029 0.05629960317460317
1 0.9864214506703335 0.2553323412698413 0.027157098659333107 0.054315476190476185
1 0.8762461326916466 0.3081597222222222 0.06325197662426951 0.05381944444444444
1 0.9398418700584393 0.3074156746031746 0.06462701959436233 0.054315476190476185
1 0.9859058095565487 0.3058035714285714 0.027500859401856308 0.05357142857142857
1 0.8133379168099003 0.30766369047619047 0.06462701959436233 0.054315476190476185
1 0.8138535579236852 0.3557787698412698 0.06497078033688553 0.05084325396825397
1 0.8772774149192163 0.35565476190476186 0.061876933654176694 0.0496031746031746
1 0.9407012719147474 0.35491071428571425 0.06497078033688553 0.050099206349206345
1 0.9872808525266416 0.35416666666666663 0.025438294946717087 0.05109126984126984
1 0.9919216225507047 0.4325396825396825 0.015469233413544173 0.0496031746031746
1 0.9520453764180131 0.4321676587301587 0.0622206943966999 0.04985119047619047
1 0.8865589549673428 0.43229166666666663 0.06393949810931591 0.050595238095238096
1 0.821244413887934 0.43365575396825395 0.06600206256445515 0.04985119047619047
1 0.992265383293228 0.48239087301587297 0.014781711928497766 0.0496031746031746
1 0.9515297353042284 0.48263888888888884 0.06462701959436233 0.050595238095238096
1 0.8853557923685116 0.4828869047619047 0.0629082158817463 0.051587301587301584
1 0.8214162942591956 0.48462301587301587 0.0622206943966999 0.050595238095238096
1 0.7557579924372637 0.43551587301587297 0.06497078033688553 0.05208333333333333
1 0.7573049157786181 0.48499503968253965 0.06325197662426951 0.0523313492063492
1 0.9919216225507047 0.5324900793650793 0.016156754898590583 0.050595238095238096
1 0.9511859745617051 0.5321180555555556 0.06531454107940873 0.0523313492063492
1 0.8863870745960811 0.5326140873015873 0.06359573736679272 0.05183531746031746
1 0.8221038157442421 0.5341021825396826 0.06359573736679272 0.05084325396825397
1 0.758679958748711 0.5337301587301587 0.06325197662426951 0.051587301587301584
1 0.9934685458920591 0.5832093253968254 0.013062908215881746 0.05183531746031746
1 0.9523891371605363 0.5830853174603174 0.06634582330697834 0.05357142857142857
1 0.8875902371949124 0.5825892857142857 0.06600206256445515 0.05257936507936507
1 0.82296321760055 0.5830853174603174 0.06531454107940873 0.051587301587301584
1 0.7595393606050189 0.5830853174603174 0.06359573736679272 0.051587301587301584
1 0.44671708490890344 0.5334821428571428 0.060845651426607084 0.0496031746031746
1 0.5084221381918185 0.533234126984127 0.06256445513922311 0.050099206349206345
1 0.569955311103472 0.5328621031746031 0.06256445513922311 0.04935515873015873
1 0.6333791680990031 0.5336061507936508 0.0622206943966999 0.04985119047619047
1 0.695599862495703 0.5342261904761905 0.06428325885183912 0.050595238095238096
1 0.44688896528016503 0.5828373015873015 0.06118941216913029 0.050595238095238096
1 0.5094534204193881 0.5824652777777778 0.06256445513922311 0.0523313492063492
1 0.5709865933310416 0.5822172619047619 0.06050189068408388 0.05183531746031746
1 0.6335510484702648 0.5828373015873015 0.061876933654176694 0.051587301587301584
1 0.696459264352011 0.5825892857142857 0.06393949810931591 0.05257936507936507
1 0.44688896528016503 0.43638392857142855 0.06050189068408388 0.05084325396825397
1 0.5077346167067721 0.4360119047619047 0.061876933654176694 0.05109126984126984
1 0.569955311103472 0.43551587301587297 0.06256445513922311 0.05257936507936507
1 0.629941560673771 0.43737599206349204 0.058095565486421454 0.04935515873015873
1 0.6925060158129942 0.4362599206349206 0.06634582330697834 0.05257936507936507
1 0.44740460639394986 0.4844990079365079 0.060158129941560674 0.04985119047619047
1 0.5089377793056034 0.48487103174603174 0.060845651426607084 0.050099206349206345
1 0.5704709522172569 0.4844990079365079 0.06153317291165349 0.04985119047619047
1 0.6326916466139567 0.48573908730158727 0.060845651426607084 0.05084325396825397
1 0.694740460639395 0.4851190476190476 0.06462701959436233 0.050595238095238096
1 0.38432451014094193 0.4376240079365079 0.06050189068408388 0.05034722222222222
1 0.32279133722928843 0.43712797619047616 0.06118941216913029 0.053323412698412696
1 0.2603987624613269 0.4375 0.060845651426607084 0.050595238095238096
1 0.1962873839807494 0.4375 0.06462701959436233 0.05109126984126984
1 0.38518391199724994 0.48573908730158727 0.060845651426607084 0.04836309523809523
1 0.32347885871433485 0.48561507936507936 0.06118941216913029 0.050595238095238096
1 0.2597112409762805 0.4861111111111111 0.06359573736679272 0.051587301587301584
1 0.195599862495703 0.4868551587301587 0.06325197662426951 0.051587301587301584
1 0.1320041251289103 0.486359126984127 0.06256445513922311 0.051587301587301584
1 0.1320041251289103 0.4368799603174603 0.06393949810931591 0.053323412698412696
1 0.38432451014094193 0.5345982142857143 0.06256445513922311 0.05034722222222222
1 0.3214162942591956 0.534970238095238 0.06050189068408388 0.051587301587301584
1 0.25936748023375733 0.535218253968254 0.0629082158817463 0.051587301587301584
1 0.195599862495703 0.5355902777777778 0.061876933654176694 0.0523313492063492
1 0.1335510484702647 0.5359623015873015 0.06359573736679272 0.05109126984126984
1 0.1344104503265727 0.5848214285714285 0.06325197662426951 0.05109126984126984
1 0.19697490546579582 0.5848214285714285 0.061876933654176694 0.05109126984126984
1 0.2597112409762805 0.5845734126984127 0.06359573736679272 0.050595238095238096
1 0.3231350979718116 0.583829365079365 0.061876933654176694 0.05109126984126984
1 0.38518391199724994 0.5832093253968254 0.0629082158817463 0.0523313492063492
1 0.071674114816088 0.5843253968253967 0.0622206943966999 0.05208333333333333
1 0.020281883808869028 0.5846974206349206 0.039876246132691646 0.05084325396825397
1 0.0709865933310416 0.5353422619047619 0.05947060845651427 0.05084325396825397
1 0.02045376418013063 0.5337301587301587 0.040220006875214855 0.05109126984126984
1 0.019938123066345823 0.43365575396825395 0.038501203162598835 0.05183531746031746
1 0.06926778961842558 0.43551587301587297 0.060158129941560674 0.05357142857142857
1 0.020110003437607427 0.48338293650793646 0.040220006875214855 0.0496031746031746
1 0.0702990718459952 0.48561507936507936 0.0622206943966999 0.050595238095238096
1 0.021141285665177038 0.660218253968254 0.041595049845307666 0.05257936507936507
1 0.07356479889996563 0.661954365079365 0.061876933654176694 0.05257936507936507
1 0.13509797181161912 0.6613343253968254 0.06118941216913029 0.05282738095238095
1 0.19611550360948782 0.6613343253968254 0.060845651426607084 0.05381944444444444
1 0.020969405293915437 0.7092013888888888 0.041938810587830874 0.055803571428571425
1 0.07304915778618082 0.7110615079365079 0.06153317291165349 0.05357142857142857
1 0.1347542110690959 0.7104414682539683 0.05981436919903747 0.054315476190476185
1 0.1962873839807494 0.7109375 0.06118941216913029 0.055803571428571425
1 0.020281883808869028 0.7594246031746031 0.040563767617738056 0.0560515873015873
1 0.0718459951873496 0.7600446428571428 0.06325197662426951 0.054811507936507936
1 0.13458233069783432 0.7604166666666666 0.06153317291165349 0.05406746031746031
1 0.1968030250945342 0.7621527777777778 0.0629082158817463 0.053075396825396824
1 0.020110003437607427 0.8095238095238095 0.040220006875214855 0.05704365079365079
1 0.0718459951873496 0.8081597222222222 0.061876933654176694 0.055803571428571425
1 0.1321760055001719 0.8092757936507936 0.06359573736679272 0.05654761904761904
1 0.19714678583705741 0.8108878968253967 0.06359573736679272 0.054811507936507936
1 0.030938466827088347 0.8887648809523809 0.06050189068408388 0.06572420634920635
1 0.09350292196631145 0.8896329365079365 0.06462701959436233 0.06498015873015872
1 0.161051907872121 0.8897569444444444 0.0704709522172568 0.06919642857142856
1 0.22791337229288416 0.8914930555555555 0.06050189068408388 0.06870039682539682
1 0.03282915091096597 0.9445684523809523 0.05947060845651427 0.06125992063492063
1 0.09504984530766587 0.943204365079365 0.06634582330697834 0.0625
1 0.161051907872121 0.947296626984127 0.06978343073221038 0.06125992063492063
1 0.22860089377793058 0.949032738095238 0.06600206256445515 0.06374007936507936
1 0.03764180130629082 0.9815228174603174 0.050532829150910966 0.035962301587301584
1 0.09573736679271228 0.9830109126984127 0.06634582330697834 0.0339781746031746
1 0.16242695084221384 0.9840029761904762 0.06978343073221038 0.031994047619047616
1 0.2303196974905466 0.9848710317460317 0.06393949810931591 0.02976190476190476
1 0.980577518047439 0.8918650793650793 0.03815744242007563 0.07192460317460317
1 0.9204193881058783 0.8931051587301587 0.07665864558267446 0.07837301587301587
1 0.846338948092128 0.8911210317460317 0.06737710553454795 0.07192460317460317
1 0.25919559986249574 0.6618303571428571 0.06256445513922311 0.05381944444444444
1 0.3215881746304572 0.6618303571428571 0.060158129941560674 0.053323412698412696
1 0.3838088690271571 0.6613343253968254 0.06153317291165349 0.05282738095238095
1 0.44654520453764185 0.6624503968253967 0.06325197662426951 0.05357142857142857
1 0.2585080783774493 0.7121775793650793 0.06256445513922311 0.054315476190476185
1 0.3214162942591956 0.7116815476190476 0.06118941216913029 0.054811507936507936
1 0.3831213475421107 0.7118055555555555 0.0629082158817463 0.05505952380952381
1 0.4456858026813338 0.7119295634920635 0.0629082158817463 0.05679563492063492
1 0.2581643176349261 0.7605406746031745 0.061876933654176694 0.05629960317460317
1 0.3196974905465796 0.7614087301587301 0.06256445513922311 0.0560515873015873
1 0.38329322791337234 0.7621527777777778 0.06325197662426951 0.05704365079365079
1 0.25919559986249574 0.8100198412698413 0.06256445513922311 0.05555555555555555
1 0.3205568924028876 0.8102678571428571 0.060158129941560674 0.05704365079365079
1 0.38329322791337234 0.8117559523809523 0.06325197662426951 0.05654761904761904
1 0.446029563423857 0.8116319444444444 0.0622206943966999 0.057291666666666664
1 0.5080783774492953 0.8098958333333333 0.06118941216913029 0.05778769841269841
1 0.5721897559298729 0.8097718253968254 0.06565830182193194 0.060019841269841265
1 0.4470608456514266 0.7607886904761905 0.0622206943966999 0.05828373015873015
1 0.5089377793056034 0.7609126984126984 0.05947060845651427 0.05654761904761904
1 0.5715022344448264 0.7611607142857142 0.06359573736679272 0.05853174603174603
1 0.6350979718116192 0.7609126984126984 0.0622206943966999 0.05803571428571428
1 0.6957717428669646 0.7610367063492063 0.06118941216913029 0.05679563492063492
1 0.6345823306978343 0.8112599206349206 0.06393949810931591 0.05803571428571428
1 0.9941560673771056 0.6625744047619048 0.011687865245788931 0.05183531746031746
1 0.9532485390168444 0.6633184523809523 0.06668958404950155 0.054315476190476185
1 0.8887933997937436 0.6623263888888888 0.06153317291165349 0.054315476190476185
1 0.8250257820556893 0.6629464285714285 0.06393949810931591 0.05555555555555555
1 0.7605706428325886 0.6615823412698413 0.0629082158817463 0.05828373015873015
1 0.7600550017188038 0.7114335317460317 0.06531454107940873 0.057291666666666664
1 0.8257133035407357 0.7121775793650793 0.06531454107940873 0.05828373015873015
1 0.88948092127879 0.7124255952380952 0.0629082158817463 0.05828373015873015
1 0.9544517016156755 0.7134176587301587 0.06772086627707116 0.06026785714285714
1 0.5082502578205569 0.6613343253968254 0.0622206943966999 0.05381944444444444
1 0.5706428325885184 0.6610863095238095 0.06393949810931591 0.05530753968253968
1 0.6352698521828808 0.6623263888888888 0.05981436919903747 0.05530753968253968
1 0.6969749054657959 0.661954365079365 0.06153317291165349 0.05505952380952381
1 0.5085940185630802 0.710813492063492 0.0622206943966999 0.0560515873015873
1 0.5704709522172569 0.7110615079365079 0.06428325885183912 0.05654761904761904
1 0.6347542110690959 0.7113095238095237 0.0629082158817463 0.0560515873015873
1 0.6966311447232726 0.7115575396825397 0.060845651426607084 0.05704365079365079
1 0.6974905465795807 0.8095238095238095 0.06256445513922311 0.057539682539682536
1 0.7617738054314198 0.7619047619047619 0.06600206256445515 0.059027777777777776
1 0.7617738054314198 0.8116319444444444 0.06531454107940873 0.058779761904761904
1 0.8282915091096598 0.7633928571428571 0.06359573736679272 0.05704365079365079
1 0.8281196287383982 0.8121279761904762 0.06668958404950155 0.058779761904761904
1 0.892918528704022 0.8129960317460317 0.06497078033688553 0.060019841269841265
1 0.9559986249570299 0.8136160714285714 0.06668958404950155 0.06175595238095238
1 0.892059126847714 0.7612847222222222 0.06325197662426951 0.05679563492063492
1 0.9563423856995532 0.7638888888888888 0.06668958404950155 0.05853174603174603
1 0.9946717084908904 0.7943948412698413 0.009969061533172912 0.020833333333333332
1 0.9946717084908904 0.763516865079365 0.009969061533172912 0.05183531746031746
1 0.9943279477483672 0.712673611111111 0.011344104503265728 0.05084325396825397
1 0.6416294259195601 0.8932291666666666 0.07253351667239602 0.07862103174603174
1 0.7114128566517705 0.8916170634920635 0.0629082158817463 0.06944444444444445
1 0.7787899621863184 0.8936011904761905 0.0704709522172568 0.07242063492063491
1 0.2939154348573393 0.894593253968254 0.07081471295978 0.07638888888888888
1 0.3642145067033345 0.8891369047619048 0.0718459951873496 0.07886904761904762
1 0.4339979374355449 0.8866567460317459 0.06634582330697834 0.07589285714285714
1 0.2963217600550017 0.9515128968253967 0.07218975592987281 0.06671626984126984
1 0.3669645926435201 0.9507688492063492 0.0718459951873496 0.0642361111111111
1 0.4352011000343761 0.9466765873015872 0.06531454107940873 0.06200396825396825
1 0.2954623581986937 0.9846230158730158 0.06909590924716398 0.030753968253968252
1 0.36748023375730493 0.984375 0.07287727741491921 0.03125
1 0.4350292196631145 0.9823908730158729 0.06428325885183912 0.03521825396825397
1 0.5029219663114473 0.9831349206349206 0.06943966998968717 0.033234126984126984
1 0.503437607425232 0.9487847222222222 0.0704709522172568 0.0642361111111111
1 0.5010312822275697 0.8895089285714285 0.06772086627707116 0.0771329365079365
1 0.571674114816088 0.8872767857142857 0.06943966998968717 0.07366071428571429
1 0.5720178755586113 0.945188492063492 0.06737710553454795 0.06448412698412698
1 0.642488827775868 0.9522569444444444 0.07150223444482641 0.07018849206349206
1 0.7100378136816776 0.9469246031746031 0.06153317291165349 0.06547619047619047
1 0.5730491577861808 0.9825148809523809 0.06668958404950155 0.0339781746031746
1 0.6423169474046064 0.9856150793650793 0.07253351667239602 0.028769841269841268
1 0.7096940529391543 0.984250992063492 0.0622206943966999 0.03050595238095238
1 0.7779305603300104 0.9506448412698412 0.07150223444482641 0.07043650793650794
1 0.846338948092128 0.947296626984127 0.06393949810931591 0.06572420634920635
1 0.9199037469920935 0.9532490079365079 0.07768992781024407 0.0652281746031746
1 0.9807493984187007 0.9497767857142857 0.037813681677552426 0.06175595238095238
1 0.980577518047439 0.9851190476190476 0.038844963905122036 0.02976190476190476
1 0.9193881058783088 0.9836309523809523 0.07803368855276728 0.03273809523809523
1 0.8468545892059127 0.9828869047619047 0.06565830182193194 0.03373015873015873
1 0.7774149192162255 0.9849950396825397 0.07253351667239602 0.02901785714285714
