1 0.2464203894616266 0.039277108433734935 0.04266895761741123 0.07566265060240963
1 0.315864833906071 0.04662650602409638 0.13631156930126004 0.09132530120481927
1 0.41852806414662086 0.057831325301204814 0.12285223367697595 0.10506024096385541
1 0.030211912943871707 0.02313253012048193 0.060423825887743414 0.04626506024096386
1 0.14361397479954183 0.03590361445783132 0.17783505154639176 0.06891566265060241
1 0.49427262313860254 0.05156626506024096 0.1156930126002291 0.08048192771084337
1 0.5161798396334479 0.09963855421686746 0.06386025200458191 0.006987951807228916
1 0.5121706758304697 0.1108433734939759 0.055269186712485686 0.0038554216867469878
1 0.5476804123711341 0.06903614457831325 0.06099656357388317 0.08746987951807228
1 0.6003722794959908 0.07409638554216867 0.11254295532646048 0.08746987951807228
1 0.6679553264604812 0.09132530120481927 0.09707903780068729 0.08963855421686746
1 0.722651775486827 0.09240963855421687 0.10337915234822452 0.08843373493975903
1 0.7928121420389462 0.11120481927710843 0.10223367697594501 0.09325301204819277
1 0.8440721649484536 0.1236144578313253 0.05927835051546392 0.09108433734939758
1 0.9020618556701031 0.12289156626506023 0.08877434135166094 0.116144578313253
1 0.9630584192439863 0.13397590361445783 0.07388316151202749 0.1108433734939759
1 0.9919816723940436 0.11554216867469878 0.014891179839633449 0.05373493975903614
1 0.08662657502863688 0.2272289156626506 0.17153493699885453 0.21590361445783132
1 0.25787514318442156 0.18481927710843374 0.18241695303550975 0.08674698795180723
1 0.42439862542955326 0.1866265060240964 0.15578465063001146 0.07156626506024096
1 0.2933848797250859 0.2680722891566265 0.21792668957617412 0.13518072289156627
1 0.49069301260022913 0.2827710843373494 0.184135166093929 0.15204819277108433
1 0.6178407789232532 0.2955421686746988 0.11082474226804125 0.12795180722891566
1 0.6915807560137457 0.3006024096385542 0.09221076746849943 0.11493975903614458
1 0.6829896907216495 0.25469879518072286 0.05326460481099657 0.0163855421686747
1 0.7362542955326461 0.306144578313253 0.057273768613974804 0.10289156626506024
1 0.8089919816723941 0.31132530120481927 0.1036655211912944 0.10024096385542168
1 0.8835910652920963 0.3173493975903614 0.08161512027491409 0.09927710843373494
1 0.9271191294387171 0.29493975903614456 0.03407789232531501 0.04
1 0.9589060710194731 0.2875903614457831 0.03293241695303551 0.030602409638554217
1 0.9892611683848798 0.2866265060240964 0.019759450171821305 0.02963855421686747
1 0.028923253150057275 0.5127710843373494 0.05784650630011455 0.18795180722891566
1 0.015893470790378006 0.41578313253012045 0.03178694158075601 0.022409638554216866
1 0.013316151202749142 0.4050602409638554 0.026059564719358535 0.017349397590361446
1 0.0947880870561283 0.3986746987951807 0.15177548682703323 0.028674698795180722
1 0.10667239404352807 0.4171084337349397 0.14289805269186714 0.014457831325301203
1 0.1327319587628866 0.5090361445783133 0.1829896907216495 0.1616867469879518
1 0.2256586483390607 0.4118072289156626 0.1025200458190149 0.03180722891566265
1 0.2225085910652921 0.4763855421686747 0.0429553264604811 0.1383132530120482
1 0.24398625429553267 0.41409638554216865 0.04581901489117984 0.023373493975903614
1 0.2620274914089347 0.4989156626506024 0.024054982817869417 0.16746987951807227
1 0.34392898052691867 0.5044578313253012 0.15578465063001146 0.17180722891566264
1 0.4789518900343643 0.4965060240963855 0.1434707903780069 0.15397590361445782
1 0.34908361970217644 0.40048192771084334 0.10767468499427263 0.020240963855421686
1 0.42210767468499427 0.402289156626506 0.04009163802978236 0.01469879518072289
1 0.46262886597938147 0.4067469879518072 0.032359679266895765 0.010120481927710843
1 0.5241981672394044 0.41168674698795177 0.06786941580756015 0.019036144578313253
1 0.5970790378006873 0.48602409638554217 0.13172966781214204 0.1416867469879518
1 0.5920675830469645 0.40939759036144574 0.05011454753722795 0.017349397590361446
1 0.5571305841924399 0.39771084337349394 0.07016036655211913 0.006987951807228916
1 0.6646620847651776 0.4186746987951807 0.07445589919816724 0.016626506024096384
1 0.7149198167239404 0.4880722891566265 0.12571592210767468 0.1346987951807229
1 0.8155784650630011 0.49132530120481926 0.09106529209621994 0.11228915662650601
1 0.893184421534937 0.510722891566265 0.04868270332187858 0.0653012048192771
1 0.9233963344788088 0.5071084337349397 0.046105383734249716 0.07108433734939759
1 0.8109965635738832 0.42493975903614456 0.03722794959908362 0.012289156626506023
1 0.8588201603665522 0.4501204819277108 0.06300114547537228 0.05060240963855422
1 0.9040664375715922 0.4489156626506024 0.048109965635738834 0.043373493975903614
1 0.9314146620847652 0.4489156626506024 0.028350515463917526 0.03662650602409638
1 0.8815864833906072 0.42180722891566264 0.028350515463917526 0.008433734939759036
1 0.9248281786941581 0.42289156626506025 0.01918671248568156 0.008674698795180723
1 0.9737972508591066 0.4659036144578313 0.0518327605956472 0.10915662650602409
0 0.17010309278350516 0.01144578313253012 0.06128293241695304 0.02144578313253012
0 0.41265750286368846 0.03144578313253012 0.056128293241695305 0.026265060240963853
0 0.47852233676975947 0.022048192771084336 0.048109965635738834 0.009879518072289156
0 0.5837628865979382 0.0391566265060241 0.05641466208476518 0.016626506024096384
0 0.6418957617411226 0.05614457831325301 0.04553264604810997 0.014457831325301203
0 0.7129152348224513 0.06289156626506023 0.04839633447880871 0.018795180722891564
0 0.7804982817869416 0.08024096385542168 0.04896907216494845 0.017349397590361446
0 0.9196735395189004 0.09253012048192771 0.023195876288659795 0.026024096385542168
0 0.9753722794959909 0.10506024096385541 0.026345933562428408 0.019759036144578312
0 0.11125429553264606 0.17433734939759035 0.06901489117983964 0.042650602409638555
0 0.3297537227949599 0.2450602409638554 0.05412371134020619 0.03662650602409638
0 0.5239117983963345 0.2592771084337349 0.05011454753722795 0.03662650602409638
0 0.6085337915234823 0.2425301204819277 0.026918671248568157 0.010843373493975903
0 0.6914375715922108 0.26240963855421684 0.04324169530355097 0.02313253012048193
0 0.818298969072165 0.272289156626506 0.012886597938144331 0.008674698795180723
0 0.8566723940435281 0.2927710843373494 0.02147766323024055 0.024096385542168672
0 0.9013459335624284 0.2855421686746988 0.028923253150057275 0.024578313253012046
0 0.006013745704467354 0.4592771084337349 0.012027491408934709 0.028433734939759033
0 0.15764604810996563 0.45072289156626505 0.06328751431844215 0.03542168674698795
0 0.3707044673539519 0.45108433734939757 0.0518327605956472 0.0327710843373494
0 0.5047250859106529 0.45433734939759035 0.046105383734249716 0.028192771084337348
0 0.6088201603665522 0.44192771084337346 0.04581901489117984 0.024096385542168672
0 0.7398339060710195 0.4556626506024096 0.036941580756013746 0.027951807228915663
0 0.8233104238258878 0.45843373493975903 0.03608247422680413 0.020963855421686745
0 0.8984822451317297 0.4908433734939759 0.01689576174112257 0.006265060240963855
0 0.9650630011454754 0.4960240963855421 0.03379152348224514 0.023373493975903614
0 0.051546391752577324 0.6757831325301205 0.04066437571592211 0.013734939759036145
0 0.05698739977090493 0.6985542168674699 0.061855670103092786 0.0163855421686747
0 0.08276059564719358 0.7190361445783132 0.06815578465063002 0.030843373493975902
0 0.0924971363115693 0.7739759036144578 0.07731958762886598 0.04674698795180723
0 0.3102806414662085 0.6590361445783133 0.01689576174112257 0.0038554216867469878
0 0.31414662084765177 0.6644578313253011 0.058419243986254296 0.009397590361445782
0 0.34106529209621994 0.6955421686746988 0.056128293241695305 0.02963855421686747
0 0.37815005727376866 0.7204819277108433 0.05870561282932417 0.02072289156626506
0 0.3861683848797251 0.776144578313253 0.05870561282932417 0.03710843373493976
0 0.5390893470790378 0.7281927710843373 0.05584192439862543 0.024578313253012046
0 0.5226231386025201 0.664578313253012 0.051546391752577324 0.013012048192771084
0 0.5001431844215349 0.6467469879518072 0.0518327605956472 0.01783132530120482
0 0.4663516609392898 0.6297590361445783 0.05011454753722795 0.026746987951807227
0 0.43714203894616266 0.6280722891566265 0.046105383734249716 0.014216867469879517
0 0.5244845360824743 0.6312048192771084 0.012313860252004583 0.01036144578313253
0 0.5529782359679267 0.6225301204819277 0.04180985108820161 0.015662650602409636
0 0.5794673539518901 0.6462650602409639 0.05126002290950745 0.027951807228915663
0 0.6450458190148912 0.6563855421686746 0.05355097365406644 0.022650602409638555
0 0.6397479954180986 0.7109638554216867 0.056128293241695305 0.022409638554216866
0 0.7183562428407789 0.6409638554216868 0.0518327605956472 0.02939759036144578
0 0.7517182130584192 0.6915662650602409 0.05097365406643757 0.02506024096385542
0 0.7930985108820161 0.6456626506024096 0.03178694158075601 0.01614457831325301
0 0.8230240549828179 0.6495180722891566 0.03608247422680413 0.013734939759036145
0 0.8608247422680413 0.6657831325301204 0.03493699885452463 0.01253012048192771
0 0.8814432989690723 0.6757831325301205 0.04009163802978236 0.012289156626506023
0 0.9169530355097366 0.6842168674698795 0.03780068728522337 0.015662650602409636
0 0.9965635738831615 0.679156626506024 0.006300114547537228 0.005542168674698795
0 0.1040950744558992 0.9574698795180723 0.03350515463917526 0.038795180722891565
0 0.22880870561282934 0.9367469879518072 0.04868270332187858 0.0436144578313253
0 0.2232245131729668 0.9631325301204818 0.035796105383734254 0.028433734939759033
0 0.39876861397479957 0.9613253012048192 0.05011454753722795 0.034939759036144574
0 0.5266323024054983 0.9862650602409638 0.03207331042382589 0.026987951807228915
0 0.5829037800687286 0.9450602409638553 0.013459335624284079 0.015903614457831325
0 0.5972222222222222 0.9504819277108433 0.04095074455899198 0.01469879518072289
0 0.6951603665521192 0.9498795180722891 0.0506872852233677 0.029879518072289155
0 0.863831615120275 0.9262650602409638 0.04209621993127148 0.027951807228915663
0 0.7121993127147767 0.8413253012048192 0.021191294387170677 0.021927710843373492
0 0.8065578465063001 0.8553012048192771 0.046105383734249716 0.010843373493975903
0 0.8953321878579611 0.8593975903614457 0.04839633447880871 0.02
0 0.8946162657502864 0.828433734939759 0.03493699885452463 0.018795180722891564
0 0.8782932416953035 0.8072289156626505 0.018327605956471937 0.027951807228915663
1 0.9677835051546392 0.7514457831325301 0.06328751431844215 0.020481927710843374
1 0.9706471935853379 0.7681927710843374 0.036941580756013746 0.0163855421686747
1 0.9861111111111112 0.7755421686746987 0.026059564719358535 0.028674698795180722
1 0.8974799541809851 0.7721686746987951 0.08476517754868271 0.039277108433734935
1 0.9054982817869416 0.8013253012048193 0.08877434135166094 0.06433734939759035
1 0.9716494845360825 0.8254216867469879 0.056128293241695305 0.046987951807228916
1 0.9579037800687286 0.8619277108433735 0.08304696449026347 0.07903614457831325
1 0.8187285223367698 0.7807228915662651 0.07961053837342498 0.028433734939759033
1 0.7540091638029782 0.7927710843373493 0.05670103092783505 0.020240963855421686
1 0.8241695303550974 0.8071084337349397 0.11397479954180986 0.039277108433734935
1 0.8691294387170676 0.8334939759036144 0.10538373424971363 0.028433734939759033
1 0.8990549828178694 0.880722891566265 0.1102520045819015 0.09590361445783133
1 0.7653207331042383 0.8350602409638553 0.09536082474226805 0.04216867469879518
1 0.8079896907216495 0.88 0.109106529209622 0.061686746987951804
1 0.7488545246277205 0.8727710843373494 0.03493699885452463 0.039518072289156624
1 0.6420389461626576 0.8202409638554217 0.07731958762886598 0.03662650602409638
1 0.6831328751431844 0.8248192771084337 0.09020618556701031 0.04481927710843373
1 0.6852806414662085 0.8749397590361445 0.09392898052691867 0.06457831325301204
1 0.6284364261168385 0.8708433734939759 0.04438717067583047 0.05108433734939759
1 0.7246563573883161 0.8953012048192771 0.07187857961053838 0.06048192771084337
1 0.7756300114547537 0.9367469879518072 0.08104238258877434 0.09999999999999999
1 0.7054696449026346 0.9615662650602409 0.12571592210767468 0.0763855421686747
1 0.645475372279496 0.913012048192771 0.1036655211912944 0.043855421686746984
1 0.5757445589919817 0.8396385542168674 0.09020618556701031 0.04650602409638554
1 0.5057273768613975 0.8680722891566265 0.070446735395189 0.07108433734939759
1 0.5378006872852233 0.9071084337349398 0.10481099656357389 0.08506024096385542
1 0.5567010309278351 0.9527710843373494 0.06930126002290951 0.0472289156626506
1 0.606958762886598 0.9697590361445783 0.11426116838487974 0.05903614457831325
1 0.5217640320733105 0.9810843373493976 0.06701030927835051 0.03783132530120482
1 0.4758018327605957 0.9595180722891565 0.09020618556701031 0.07180722891566264
1 0.4445876288659794 0.8989156626506024 0.07474226804123711 0.06578313253012048
1 0.375 0.9280722891566264 0.0924971363115693 0.043132530120481925
1 0.32989690721649484 0.9683132530120482 0.1179839633447881 0.05951807228915662
1 0.23439289805269187 0.9871084337349397 0.0804696449026346 0.024819277108433735
1 0.25587056128293245 0.9608433734939759 0.06786941580756015 0.024819277108433735
1 0.15220504009163804 0.9610843373493976 0.10967926689576174 0.07734939759036144
1 0.05398052691867125 0.9575903614457831 0.10738831615120276 0.08144578313253012
1 0.2031786941580756 0.9298795180722891 0.0936426116838488 0.05879518072289156
1 0.10738831615120276 0.8250602409638553 0.21420389461626577 0.08530120481927711
1 0.08462199312714777 0.7809638554216867 0.1686712485681558 0.08337349397590361
1 0.17697594501718214 0.7657831325301204 0.01718213058419244 0.029879518072289155
1 0.08376288659793815 0.7442168674698795 0.1675257731958763 0.06289156626506023
1 0.08104238258877434 0.7191566265060241 0.1620847651775487 0.05951807228915662
1 0.06930126002290951 0.678433734939759 0.13860252004581902 0.03590361445783132
1 0.05598510882016037 0.6961445783132529 0.1102520045819015 0.002891566265060241
1 0.038516609392898055 0.6816867469879517 0.07474226804123711 0.011566265060240964
1 0.061426116838487976 0.6614457831325301 0.12170675830469646 0.02650602409638554
1 0.33404925544100805 0.7885542168674698 0.1973081328751432 0.0744578313253012
1 0.3187285223367698 0.7310843373493976 0.19473081328751432 0.03036144578313253
1 0.2912371134020619 0.7006024096385541 0.18384879725085912 0.04072289156626506
1 0.2900916380297824 0.7112048192771084 0.13344788087056128 0.02144578313253012
1 0.22895189003436428 0.7659036144578313 0.026632302405498284 0.02
1 0.22794959908361973 0.7878313253012048 0.023482245131729668 0.01759036144578313
1 0.22666093928980527 0.8024096385542169 0.020904925544100804 0.014939759036144577
1 0.27133447880870565 0.6816867469879517 0.19616265750286369 0.026987951807228915
1 0.25286368843069873 0.6672289156626505 0.18900343642611683 0.017349397590361446
1 0.740979381443299 0.7131325301204819 0.10738831615120276 0.07253012048192771
1 0.6420389461626576 0.7336144578313253 0.11454753722794961 0.07156626506024096
1 0.5302119129438717 0.7496385542168674 0.11884306987399772 0.06602409638554217
1 0.5211912943871707 0.6873493975903614 0.11855670103092784 0.057108433734939755
1 0.6324455899198167 0.6703614457831325 0.10223367697594501 0.05156626506024096
1 0.7184994272623139 0.6578313253012048 0.09049255441008018 0.06409638554216868
1 0.6731099656357389 0.6343373493975903 0.08505154639175258 0.02578313253012048
1 0.6461912943871707 0.6179518072289156 0.09306987399770905 0.04072289156626506
1 0.5803264604810997 0.6525301204819277 0.0804696449026346 0.043855421686746984
1 0.4878293241695304 0.6663855421686746 0.09822451317296678 0.05373493975903614
1 0.5605670103092784 0.6369879518072289 0.08676975945017182 0.043132530120481925
1 0.5914948453608248 0.6104819277108433 0.055269186712485686 0.01469879518072289
1 0.465922107674685 0.6442168674698795 0.0979381443298969 0.05421686746987951
1 0.4047823596792669 0.6401204819277108 0.06214203894616266 0.042650602409638555
1 0.8685567010309279 0.6975903614457831 0.14776632302405499 0.04192771084337349
1 0.8565292096219932 0.6793975903614458 0.10595647193585338 0.02578313253012048
1 0.8424971363115693 0.6727710843373493 0.08304696449026347 0.016867469879518072
1 0.8215922107674686 0.658433734939759 0.053837342497136315 0.012771084337349397
1 0.9905498281786942 0.659156626506024 0.01718213058419244 0.028674698795180722
1 0.9849656357388317 0.6377108433734939 0.03006872852233677 0.015180722891566264
1 0.9924112256586484 0.5946987951807229 0.015177548682703322 0.017349397590361446
1 0.9846792668957618 0.5889156626506024 0.03006872852233677 0.014457831325301203
1 0.9709335624284078 0.5844578313253012 0.05756013745704468 0.01759036144578313
1 0.9089347079037801 0.5874698795180723 0.06242840778923253 0.017349397590361446
1 0.9006300114547537 0.606144578313253 0.018327605956471937 0.01855421686746988
1 0.9677835051546392 0.6081927710843373 0.01575028636884307 0.013975903614457831
1 0.9281214203894617 0.6156626506024097 0.023482245131729668 0.015903614457831325
1 0.9495990836197022 0.6197590361445783 0.01145475372279496 0.016867469879518072
