0 0.06699965552876336 0.11557009989665863 0.05339304168101964 0.02514640027557699
0 0.15380640716500174 0.11539786427833276 0.054081984154323116 0.02686875645883569
0 0.24853599724423012 0.11660351360661386 0.054081984154323116 0.029280055115397868
0 0.3286255597657596 0.11780916293489495 0.054426455390974855 0.028246641405442648
0 0.418015845676886 0.11746469169824321 0.05339304168101964 0.028935583878746125
0 0.5420254908715123 0.1191870478815019 0.0513262142611092 0.028935583878746125
0 0.02617981398553221 0.31484671029968997 0.04891491560454703 0.02411298656562177
0 0.22338959696865313 0.31570788839131936 0.05270409920771616 0.027213227695487428
0 0.2771271098863245 0.31570788839131936 0.05201515673441268 0.029280055115397868
0 0.3422321736135033 0.31519118153634174 0.049259386841198766 0.029624526352049606
0 0.4111264209438512 0.31691353771960046 0.049259386841198766 0.028246641405442648
0 0.5471925594212883 0.3189803651395109 0.0478815018945918 0.029624526352049606
0 0.6141922149500517 0.31966930761281437 0.05098174302445746 0.02755769893213917
0 0.003961419221495005 0.4989665862900448 0.00792283844299001 0.02514640027557699
0 0.07785049948329315 0.4979331725800896 0.04615914571133311 0.02514640027557699
0 0.128315535652773 0.4989665862900448 0.05201515673441268 0.02514640027557699
0 0.20392697209782984 0.4984498794350672 0.05098174302445746 0.02411298656562177
0 0.2772993455046504 0.4981054081984155 0.05029280055115398 0.02686875645883569
0 0.336031691353772 0.4989665862900448 0.04994832931450224 0.02514640027557699
0 0.40182569755425424 0.4993110575266966 0.04994832931450224 0.02583534274888047
0 0.4807096107475026 0.4989665862900448 0.049259386841198766 0.02652428522218395
0 0.5711333103685843 0.4981054081984155 0.04891491560454703 0.02549087151222873
0 0.6503616947984844 0.4989665862900448 0.04891491560454703 0.027213227695487428
0 0.7457802273510162 0.49982776438167414 0.045470203238029624 0.02549087151222873
0 0.8076128143300035 0.501377884946607 0.04994832931450224 0.024457457802273513
0 0.8573889080261798 0.49948329314502243 0.047537030657940064 0.02617981398553221
0 0.7266620737168447 0.31794695142955565 0.05063727178780572 0.02755769893213917
0 0.8010678608336205 0.3177747158112298 0.05270409920771616 0.02583534274888047
0 0.9018256975542542 0.31760248019290394 0.05167068549776094 0.02686875645883569
0 0.9791594901825699 0.31674130210127455 0.04099207716155701 0.02514640027557699
0 0.9076817085773339 0.5003444712366518 0.05029280055115398 0.02514640027557699
0 0.9581467447468137 0.5006889424733035 0.049259386841198766 0.02583534274888047
0 0.007406131588012402 0.6660351360661385 0.014812263176024803 0.02514640027557699
0 0.09714088873579056 0.6655184292111609 0.04891491560454703 0.02755769893213917
0 0.17878057182225285 0.6668963141577678 0.04822597313124354 0.024801929038925252
0 0.23355149844987946 0.6668963141577678 0.04891491560454703 0.024801929038925252
0 0.28194970719944884 0.6665518429211161 0.0478815018945918 0.02411298656562177
0 0.3740957630037892 0.6655184292111609 0.04891491560454703 0.02411298656562177
0 0.4302445745780228 0.6658629004478126 0.04891491560454703 0.024801929038925252
0 0.4888046848088185 0.6653461935928351 0.031002411298656565 0.02583534274888047
0 0.5539097485359973 0.6668963141577678 0.04684808818463659 0.02686875645883569
0 0.6155700998966587 0.6691353771960041 0.04615914571133311 0.02583534274888047
0 0.7211505339304168 0.669479848432656 0.047192559421288326 0.02652428522218395
0 0.012400964519462626 0.8541164312779883 0.024801929038925252 0.027213227695487428
0 0.10351360661384774 0.8542886668963142 0.04374784705477093 0.02411298656562177
0 0.17154667585256633 0.8558387874612471 0.04615914571133311 0.02583534274888047
0 0.25353083017568034 0.8551498449879436 0.04615914571133311 0.02583534274888047
0 0.3348260420254909 0.8549776093696176 0.045470203238029624 0.02549087151222873
0 0.412676541508784 0.8549776093696176 0.04615914571133311 0.02755769893213917
0 0.4758870134343783 0.8549776093696176 0.04650361694798485 0.02755769893213917
0 0.5511539786427834 0.8558387874612471 0.045470203238029624 0.02583534274888047
0 0.615225628660007 0.8558387874612471 0.04340337581811919 0.02583534274888047
0 0.8139855322080607 0.668101963486049 0.04684808818463659 0.023768515328970032
0 0.8768515328970031 0.6684464347227007 0.045125732001377886 0.024457457802273513
0 0.9323114019979333 0.668101963486049 0.04994832931450224 0.02514640027557699
0 0.9901825697554255 0.6684464347227007 0.018945918015845678 0.02583534274888047
0 0.6727523251808475 0.8560110230795729 0.045470203238029624 0.02755769893213917
0 0.7411298656562177 0.8563554943162246 0.04581467447468137 0.024801929038925252
0 0.769893213916638 0.8432655873234586 0.0 0.0
0 0.7943506717189115 0.8563554943162246 0.04615914571133311 0.024801929038925252
0 0.8894247330347916 0.857216672407854 0.04478126076472615 0.02514640027557699
0 0.9829486737857389 0.8548053737512918 0.03410265242852222 0.02514640027557699
1 0.018945918015845678 0.049603858077850504 0.03720289355838788 0.09782983120909405
1 0.10248019290389253 0.05184292111608681 0.10713055459869102 0.1009300723389597
1 0.2640372028935584 0.05080950740613159 0.08715122287289012 0.09817430244574579
1 0.44247330347915953 0.01687909059593524 0.13262142611091976 0.03238029624526352
1 0.4493627282121943 0.0530485704443679 0.1305545986910093 0.033069238718567
1 0.4460902514640028 0.08732345849121599 0.1288322425077506 0.03410265242852222
1 0.5711333103685843 0.07078883913193249 0.10196348604891492 0.06854977609369618
1 0.6701687909059594 0.05098174302445746 0.058904581467447474 0.10196348604891492
1 0.7595590768170858 0.05580434033758182 0.09851877368239753 0.09714088873579056
1 0.859800206682742 0.06338270754392009 0.08473992421632794 0.07578367206338271
1 0.9547020323802963 0.06493282810885291 0.06234929383396487 0.05821563899414399
1 0.9640027557698932 0.24836376162590426 0.0713055459869101 0.03513606613847744
1 0.9662418188081295 0.28212194281777475 0.06682741991043749 0.03238029624526352
1 0.8709955218739236 0.219600413365484 0.04099207716155701 0.02790217016879091
1 0.89700310024113 0.25129176713744406 0.06200482259731313 0.03410265242852222
1 0.8926972097829832 0.28315535652772994 0.0747502583534275 0.029624526352049606
1 0.8184636582845333 0.18618670341026525 0.07096107475025835 0.040303134688253535
1 0.8041681019634861 0.21856699965552878 0.08232862555976576 0.03548053737512918
1 0.8176024801929039 0.25318635893902863 0.05821563899414399 0.028246641405442648
1 0.8163968308646229 0.2841887702376852 0.061315880124009646 0.03169135377196004
1 0.9274888046848089 0.371684464347227 0.07199448846021357 0.04891491560454703
1 0.9131932483637617 0.3634171546675853 0.066138477437134 0.03720289355838788
1 0.9324836376162591 0.41560454702032384 0.07165001722356183 0.040303134688253535
1 0.9286944540130899 0.45607991732690323 0.07096107475025835 0.04202549087151223
1 0.8372373406820531 0.36238374095763004 0.0644161212538753 0.04478126076472615
1 0.8618670341026525 0.41250430589045817 0.03720289355838788 0.03961419221495006
1 0.858594557354461 0.4567688598002067 0.040303134688253535 0.03926972097829831
1 0.8050292800551154 0.45297967619703755 0.04409231829142267 0.04409231829142267
1 0.8010678608336205 0.4037202893558388 0.04168101963486049 0.04615914571133311
1 0.9846710299689977 0.40423699621081643 0.028591112642094386 0.02790217016879091
1 0.9826042025490872 0.4447123665173958 0.03410265242852222 0.06062693765070617
1 0.7366517395797452 0.2549087151222873 0.09266276265931796 0.07785049948329315
1 0.6352049603858079 0.24991388219083707 0.0861178091629349 0.054770926627626594
1 0.6331381329658974 0.20427144333448158 0.07991732690320359 0.03238029624526352
1 0.6389941439889769 0.17258008956252155 0.07647261453668619 0.02686875645883569
1 0.5525318635893903 0.25008611780916296 0.07096107475025835 0.08749569410954186
1 0.7599035480537376 0.40458146744746815 0.042714433344815714 0.04443678952807441
1 0.7309679641749914 0.37030657940062006 0.03926972097829831 0.01860144677919394
1 0.720978298312091 0.35669996555287636 0.030313468825353084 0.007233895969686531
1 0.7566310713055461 0.45418532552531865 0.04305890458146745 0.04305890458146745
1 0.6417499138821908 0.3508439545297968 0.0365139510850844 0.029968997588701345
1 0.6853255253186359 0.35153289700310025 0.03961419221495006 0.028591112642094386
1 0.6524285222183948 0.39321391663796074 0.04133654839820875 0.036169479848432655
1 0.7011712022046159 0.39321391663796074 0.04305890458146745 0.036169479848432655
1 0.6565621770582157 0.429900103341371 0.04409231829142267 0.03513606613847744
1 0.7059937995177403 0.431277988287978 0.049259386841198766 0.03720289355838788
1 0.6551842921116088 0.46176369273165696 0.042714433344815714 0.029280055115397868
1 0.7046159145711334 0.4626248708232863 0.04857044436789528 0.02755769893213917
1 0.5895625215294523 0.4145711333103686 0.07337237340682054 0.12504305890458148
1 0.5043058904581468 0.4283499827764382 0.0861178091629349 0.09610747502583535
1 0.4176713744402343 0.4095763003789184 0.07061660351360662 0.12056493282810886
1 0.3525663107130555 0.406131588012401 0.054081984154323116 0.13503272476748193
1 0.2826386496727523 0.38908026179813987 0.06166035136066139 0.06234929383396487
1 0.281777471581123 0.44867378573889083 0.06820530485704444 0.056837754047537034
1 0.038064071650017225 0.36358939028591114 0.07268343093351706 0.049259386841198766
1 0.09180158456768861 0.35514984498794355 0.029280055115397868 0.04340337581811919
1 0.03771960041336549 0.4094040647605925 0.0747502583534275 0.03548053737512918
1 0.03203582500861178 0.4536686186703411 0.06200482259731313 0.04202549087151223
1 0.0974853599724423 0.41543231140199793 0.06476059249052704 0.11987599035480538
1 0.15983465380640718 0.4173269032035825 0.05167068549776094 0.12228728901136755
1 0.22166724078539443 0.4157767826386497 0.05063727178780572 0.12332070272132278
1 0.0421977264898381 0.149500516706855 0.08232862555976576 0.012400964519462626
1 0.010334137099552188 0.2356183258697899 0.020668274199104376 0.08129521184981055
1 0.06562177058215639 0.21150533930416812 0.0974853599724423 0.02617981398553221
1 0.05976575955907682 0.23647950396141923 0.09817430244574579 0.024457457802273513
1 0.06269376507061661 0.2617981398553221 0.09162934894936274 0.023424044092318293
1 0.06166035136066139 0.2874612469858767 0.09438511884257665 0.018945918015845678
1 0.13124354116431278 0.1991043747847055 0.07991732690320359 0.019979331725800898
1 0.17051326214261112 0.25473647950396144 0.10816396830864623 0.045125732001377886
1 0.2736823975198071 0.2600757836720634 0.07957285566655185 0.07509472959007923
1 0.34309335170513267 0.1899758870134344 0.07509472959007923 0.07681708577333793
1 0.3548053737512918 0.2616259042369962 0.07165001722356183 0.07268343093351706
1 0.42456079917326905 0.268515328970031 0.06372717878057182 0.058904581467447474
1 0.48553220806062697 0.27867723045125736 0.06097140888735791 0.037891836031691356
1 0.04443678952807441 0.579400620048226 0.0861178091629349 0.13021012745435756
1 0.12159834653806408 0.6040303134688254 0.08198415432311403 0.08095074061315881
1 0.15949018256975545 0.5325525318635894 0.04133654839820875 0.022735101619014812
1 0.2225284188770238 0.5353083017568033 0.06269376507061661 0.03926972097829831
1 0.21064416121253876 0.5954185325525319 0.05201515673441268 0.056837754047537034
1 0.28401653461935933 0.6136755080950741 0.09541853255253187 0.05821563899414399
1 0.2872890113675508 0.5607991732690321 0.09369617636927317 0.035825008611780916
1 0.371684464347227 0.6128143300034448 0.06889424733034792 0.05718222528418877
1 0.3742679986221151 0.5625215294522907 0.0747502583534275 0.04340337581811919
1 0.36634516017912505 0.5199793317258009 0.06717189114708923 0.012056493282810886
1 0.28987254564243886 0.5342748880468481 0.054770926627626594 0.022046159145711335
1 0.46675852566310716 0.5280744057871168 0.06476059249052704 0.03375818119187048
1 0.4493627282121943 0.5640716500172236 0.06717189114708923 0.04236996210816397
0 0.4807096107475026 0.4989665862900448 0.049259386841198766 0.02652428522218395
1 0.5363417154667586 0.6088529107819497 0.07509472959007923 0.04994832931450224
1 0.44333448157078886 0.6135032724767482 0.06751636238374097 0.0530485704443679
1 0.6219428177747158 0.5403031346882535 0.08095074061315881 0.0182569755425422
1 0.6302101274543576 0.5788839131932484 0.09404064760592491 0.05752669652084051
1 0.6305545986910094 0.6198759903548055 0.08921805029280055 0.02583534274888047
1 0.722356183258698 0.5840509817430245 0.07991732690320359 0.11470892180502928
1 0.7955563210471926 0.600585601102308 0.05959352394075095 0.09059593523940751
1 0.8112297623148468 0.5315191181536342 0.0530485704443679 0.03513606613847744
1 0.8522218394764037 0.5750947295900792 0.05580434033758182 0.03892524974164657
1 0.8553220806062695 0.6076472614536687 0.047537030657940064 0.02411298656562177
1 0.8587667929727868 0.6315880124009645 0.047537030657940064 0.023768515328970032
1 0.9348949362728213 0.6117809162934895 0.07509472959007923 0.07578367206338271
1 0.9190492593868412 0.5659662418188082 0.05235962797106442 0.010334137099552188
1 0.9107819497071995 0.5564932828108853 0.04133654839820875 0.007233895969686531
1 0.899586634516018 0.5497760936961764 0.03961419221495006 0.00826730967964175
1 0.8871856699965553 0.5434033758181193 0.031346882535308304 0.007233895969686531
1 0.8759903548053738 0.5372028935583879 0.03375818119187048 0.005167068549776094
1 0.8639338615225629 0.5279021701687909 0.04133654839820875 0.00930072338959697
1 0.9874267998622116 0.6209094040647606 0.023079572855666555 0.05201515673441268
1 0.9874267998622116 0.5611436445056838 0.024457457802273513 0.06544953496383052
1 0.9581467447468137 0.5480537375129177 0.03203582500861178 0.047537030657940064
1 0.9288666896314158 0.5289355838787462 0.023079572855666555 0.02790217016879091
1 0.4152600757836721 0.5248019290389253 0.02514640027557699 0.022390630382363073
1 0.7872890113675508 0.3560110230795729 0.03410265242852222 0.02583534274888047
1 0.7650706166035136 0.3508439545297968 0.010334137099552188 0.018945918015845678
1 0.05012056493282811 0.7736823975198072 0.0974853599724423 0.12469858766792974
1 0.17034102652428523 0.7258008956252153 0.07061660351360662 0.07027213227695488
1 0.12952118498105408 0.7726489838098519 0.06682741991043749 0.066138477437134
1 0.12555976575955907 0.7335514984498794 0.023079572855666555 0.00792283844299001
1 0.21081639683086464 0.705132621426111 0.02617981398553221 0.04615914571133311
1 0.24526352049603858 0.7004822597313125 0.01722356183258698 0.015501205649328283
1 0.23424044092318294 0.7202893558387875 0.013778849466069585 0.01860144677919394
1 0.24061315880124012 0.7104719255942129 0.013434378229417844 0.01687909059593524
1 0.22786772304512576 0.7321736135032725 0.012056493282810886 0.01619014812263176
1 0.2225284188770238 0.7426799862211506 0.011712022046159147 0.017912504305890458
1 0.21529452290733725 0.7559421288322425 0.019979331725800898 0.024457457802273513
1 0.186531174646917 0.7995177402686876 0.0747502583534275 0.07027213227695488
1 0.2647261453668619 0.8003789183603169 0.0775060282466414 0.06166035136066139
1 0.27471581122976235 0.7490527040992078 0.06028246641405443 0.014812263176024803
1 0.28367206338270756 0.7332070272132277 0.04994832931450224 0.012745435756114365
1 0.29176713744402344 0.7104719255942129 0.06476059249052704 0.029968997588701345
1 0.29813985532208065 0.6870478815018947 0.05752669652084051 0.011367550809507406
1 0.3666896314157768 0.6880812952118499 0.05959352394075095 0.014812263176024803
1 0.36014467791939375 0.7082328625559766 0.058904581467447474 0.01860144677919394
1 0.3582500861178092 0.7171891147089219 0.056493282810885295 0.0165346193592835
1 0.35428866689631416 0.7292456079917328 0.058904581467447474 0.020668274199104376
1 0.34412676541508785 0.7828108852910782 0.0695831898036514 0.07543920082673097
1 0.4176713744402343 0.7914226662073718 0.07337237340682054 0.07681708577333793
1 0.4243885635549432 0.7402686875645884 0.061315880124009646 0.02411298656562177
1 0.555632104719256 0.7776438167413021 0.07096107475025835 0.06992766104030314
1 0.555632104719256 0.7351016190148123 0.058560110230795735 0.009645194626248708
1 0.623148467102997 0.7917671374440235 0.05787116775749225 0.07199448846021357
1 0.6172924560799173 0.7471581122976232 0.04822597313124354 0.017912504305890458
1 0.612469858766793 0.726317602480193 0.04133654839820875 0.020323802962452637
1 0.6787805718222529 0.7886668963141579 0.04857044436789528 0.054081984154323116
1 0.6748191526007579 0.7295900792283845 0.05029280055115398 0.05511539786427834
1 0.6782638649672753 0.687909059593524 0.05511539786427834 0.011712022046159147
1 0.7228728901136755 0.7015156734412678 0.03892524974164657 0.014123320702721324
1 0.736823975198071 0.7683430933517051 0.07440578711677576 0.11815363417154669
1 0.8132965897347572 0.7647261453668619 0.0730279021701688 0.031002411298656565
1 0.8050292800551154 0.7413021012745437 0.06889424733034792 0.012400964519462626
1 0.8213916637960731 0.8100241129865656 0.0843954529796762 0.03548053737512918
1 0.8158801240096453 0.7867723045125733 0.07199448846021357 0.00826730967964175
1 0.9119875990354805 0.8150189459180159 0.08715122287289012 0.023424044092318293
1 0.9118153634171547 0.7829831209094041 0.08405098174302446 0.03169135377196004
1 0.9042369962108164 0.758008956252153 0.07716155700998967 0.014123320702721324
1 0.8849466069583191 0.7326903203582501 0.06751636238374097 0.0165346193592835
1 0.8957974509128488 0.7449190492593869 0.06717189114708923 0.00861178091629349
1 0.8746124698587668 0.7204615914571134 0.06682741991043749 0.012745435756114365
1 0.8622115053393042 0.7004822597313125 0.08129521184981055 0.023768515328970032
1 0.8473992421632794 0.6853255253186359 0.06751636238374097 0.006544953496383053
1 0.9795039614192216 0.7867723045125733 0.040303134688253535 0.07440578711677576
1 0.07199448846021357 0.8883913193248364 0.07785049948329315 0.037891836031691356
1 0.03771960041336549 0.9236996210816397 0.06854977609369618 0.029280055115397868
1 0.021184981054081984 0.9638305201515674 0.03961419221495006 0.04202549087151223
1 0.008956252152945229 0.9782983120909404 0.01584567688598002 0.030313468825353084
1 0.058387874612469866 0.978815018945918 0.07199448846021357 0.04168101963486049
1 0.12297623148467104 0.9724423010678609 0.09714088873579056 0.054426455390974855
1 0.10678608336203928 0.9479848432655874 0.061315880124009646 0.017912504305890458
1 0.1290044781260765 0.8959696865311747 0.08990699276610403 0.05167068549776094
1 0.16965208405098176 0.9028591112642095 0.08301756803306924 0.06269376507061661
1 0.21925594212883226 0.9652084050981744 0.09266276265931796 0.06889424733034792
1 0.25043058904581467 0.8961419221495006 0.07647261453668619 0.05201515673441268
1 0.24888046848088186 0.9266276265931795 0.07819497071994488 0.024801929038925252
1 0.2834998277643817 0.9488460213572167 0.03169135377196004 0.031346882535308304
1 0.31209094040647606 0.8761625904236997 0.022046159145711335 0.014123320702721324
1 0.33568722011712027 0.9736479503961419 0.11608680675163624 0.05201515673441268
1 0.3587667929727868 0.9054426455390976 0.09886324491904927 0.0678608336203927
1 0.41594901825697556 0.9950051670685498 0.05959352394075095 0.00930072338959697
1 0.42800551153978644 0.9655528763348261 0.06717189114708923 0.05029280055115398
1 0.4364450568377541 0.9269720978298313 0.058560110230795735 0.024801929038925252
1 0.439200826730968 0.9104374784705478 0.058560110230795735 0.0068894247330347925
1 0.4419565966241819 0.9016534619359284 0.058560110230795735 0.005856011023079573
1 0.44574578022735106 0.8894247330347916 0.058560110230795735 0.013778849466069585
1 0.45039614192214955 0.877023768515329 0.06166035136066139 0.007578367206338271
1 0.5285911126420945 0.9798484326558733 0.03961419221495006 0.03961419221495006
1 0.5763003789183604 0.9812263176024802 0.05235962797106442 0.03685842232173614
1 0.5322080606269377 0.931277988287978 0.03720289355838788 0.054081984154323116
1 0.5346193592834999 0.8928694454013091 0.03444712366517396 0.019290389252497417
1 0.5823286255597658 0.8973475714777817 0.06028246641405443 0.014467791939373063
1 0.5826730967964175 0.8799517740268689 0.05545986910093008 0.01619014812263176
1 0.6837754047537031 0.9910437478470548 0.07027213227695488 0.01722356183258698
1 0.6780916293489494 0.9720978298312092 0.0678608336203927 0.020668274199104376
1 0.6252152945229074 0.9813985532208062 0.029624526352049606 0.03513606613847744
1 0.6698243196693077 0.9517740268687566 0.03410265242852222 0.017912504305890458
1 0.626937650706166 0.9426455390974854 0.04409231829142267 0.0347915949018257
1 0.7419910437478471 0.9862211505339304 0.05029280055115398 0.02686875645883569
1 0.7397519807096108 0.9593523940750948 0.03685842232173614 0.02617981398553221
1 0.7333792628315536 0.9397175335859457 0.042714433344815714 0.019979331725800898
1 0.7285566655184292 0.9226662073716845 0.04340337581811919 0.01619014812263176
1 0.724939717533586 0.9116431277988288 0.045125732001377886 0.014123320702721324
1 0.7232173613503273 0.9009645194626249 0.03892524974164657 0.006544953496383053
1 0.8279366172924562 0.9653806407165002 0.09059593523940751 0.06923871856699966
1 0.8167413021012746 0.9226662073716845 0.09162934894936274 0.015501205649328283
1 0.8096796417499139 0.9085428866689632 0.08095074061315881 0.022390630382363073
1 0.9102652428522219 0.9610747502583535 0.07061660351360662 0.07578367206338271
1 0.89700310024113 0.9092318291422666 0.06751636238374097 0.021012745435756115
1 0.9798484326558733 0.978815018945918 0.03961419221495006 0.040303134688253535
1 0.978815018945918 0.9429900103341372 0.03961419221495006 0.02652428522218395
1 0.9741646572511196 0.9223217361350328 0.035825008611780916 0.022390630382363073
