0 0.48598710317460314 0.5138888888888888 0.02554563492063492 0.01984126984126984
0 0.1440972222222222 0.8115079365079365 0.023313492063492064 0.021164021164021163
0 0.025669642857142856 0.8095238095238095 0.026041666666666664 0.023148148148148147
0 0.45436507936507936 0.8108465608465608 0.023809523809523808 0.021164021164021163
1 0.26612103174603174 0.08465608465608465 0.022817460317460316 0.041005291005291
1 0.30022321428571425 0.14169973544973544 0.04389880952380952 0.18353174603174602
1 0.3128720238095238 0.08382936507936507 0.019593253968253968 0.043320105820105814
1 0.3211805555555555 0.0916005291005291 0.013888888888888888 0.03835978835978836
1 0.34809027777777773 0.14186507936507936 0.047371031746031744 0.18121693121693122
1 0.3974454365079365 0.14219576719576718 0.048859126984126984 0.18253968253968253
1 0.4089781746031746 0.0916005291005291 0.024305555555555552 0.056878306878306875
1 0.447172619047619 0.14186507936507936 0.04811507936507936 0.1884920634920635
1 0.49689980158730157 0.14136904761904762 0.04786706349206349 0.18485449735449735
1 0.5500992063492063 0.13971560846560846 0.049107142857142856 0.18287037037037035
1 0.6001984126984127 0.1380621693121693 0.047619047619047616 0.1822089947089947
1 0.6491815476190476 0.13789682539682538 0.047371031746031744 0.1832010582010582
1 0.7003968253968254 0.13624338624338622 0.048611111111111105 0.18187830687830686
1 0.7522321428571428 0.13657407407407407 0.049107142857142856 0.18386243386243384
1 0.7368551587301587 0.08416005291005291 0.020833333333333332 0.05191798941798942
1 0.6856398809523809 0.0851521164021164 0.022073412698412696 0.05324074074074074
1 0.9878472222222222 0.1436838624338624 0.02132936507936508 0.1597222222222222
1 0.9847470238095237 0.07837301587301587 0.02058531746031746 0.0496031746031746
1 0.9342757936507936 0.1433531746031746 0.03720238095238095 0.16567460317460317
1 0.9262152777777777 0.1388888888888889 0.038938492063492064 0.17328042328042326
1 0.8567708333333333 0.1585648148148148 0.02405753968253968 0.13657407407407407
1 0.8443700396825397 0.16699735449735448 0.02405753968253968 0.12301587301587301
1 0.8349454365079365 0.16302910052910052 0.033482142857142856 0.12962962962962962
1 0.8239087301587301 0.16633597883597884 0.027281746031746032 0.125
1 0.7977430555555555 0.13955026455026454 0.015128968253968252 0.027116402116402115
1 0.8139880952380952 0.14004629629629628 0.01240079365079365 0.028108465608465607
1 0.7817460317460317 0.13822751322751323 0.016369047619047616 0.02447089947089947
1 0.06436011904761904 0.3465608465608465 0.007192460317460317 0.027777777777777776
1 0.05927579365079365 0.41005291005291 0.027281746031746032 0.018518518518518517
1 0.10887896825396824 0.3318452380952381 0.07490079365079365 0.028108465608465607
1 0.030629960317460316 0.4756944444444444 0.04141865079365079 0.05324074074074074
1 0.09833829365079365 0.4755291005291005 0.09350198412698413 0.05555555555555555
1 0.2821180555555555 0.3194444444444444 0.05778769841269841 0.028439153439153438
1 0.27976190476190477 0.47172619047619047 0.06448412698412698 0.0625
1 0.33370535714285715 0.3430886243386243 0.06721230158730158 0.0248015873015873
1 0.4021577380952381 0.34242724867724866 0.06721230158730158 0.0248015873015873
1 0.4698660714285714 0.34226190476190477 0.06721230158730158 0.025793650793650792
1 0.5367063492063492 0.3414351851851852 0.06746031746031746 0.02546296296296296
1 0.3333333333333333 0.41484788359788355 0.05257936507936507 0.06183862433862433
1 0.33581349206349204 0.4755291005291005 0.05109126984126984 0.056216931216931214
1 0.3864087301587301 0.47387566137566134 0.04811507936507936 0.056216931216931214
1 0.43539186507936506 0.4743716931216931 0.04836309523809523 0.05654761904761904
1 0.38430059523809523 0.41666666666666663 0.04786706349206349 0.062169312169312166
1 0.439360119047619 0.41650132275132273 0.06125992063492063 0.06117724867724868
1 0.5844494047619048 0.47470238095238093 0.05034722222222222 0.05853174603174603
1 0.615079365079365 0.4174933862433862 0.12003968253968253 0.057870370370370364
1 0.6349206349206349 0.4748677248677248 0.051587301587301584 0.057539682539682536
1 0.6851438492063492 0.4748677248677248 0.04786706349206349 0.05886243386243386
1 0.7340029761904762 0.47387566137566134 0.05084325396825397 0.05886243386243386
1 0.7496279761904762 0.42526455026455023 0.012648809523809524 0.037698412698412696
1 0.757688492063492 0.4226190476190476 0.010912698412698412 0.03968253968253968
1 0.7625248015873015 0.4219576719576719 0.009672619047619048 0.042328042328042326
1 0.7690972222222222 0.4211309523809524 0.009424603174603174 0.04464285714285714
1 0.7782738095238095 0.4226190476190476 0.00744047619047619 0.0496031746031746
1 0.7842261904761905 0.4196428571428571 0.01488095238095238 0.046296296296296294
1 0.7185019841269841 0.8969907407407407 0.08581349206349206 0.07374338624338624
1 0.7300347222222222 0.9651124338624338 0.05977182539682539 0.06845238095238095
1 0.6681547619047619 0.9459325396825397 0.06696428571428571 0.10482804232804233
1 0.6164434523809523 0.9661044973544973 0.054811507936507936 0.06779100529100529
1 0.6081349206349206 0.8968253968253967 0.06200396825396825 0.07208994708994709
1 0.5581597222222222 0.9469246031746031 0.058779761904761904 0.10482804232804233
1 0.5023561507936508 0.9479166666666666 0.054315476190476185 0.10416666666666666
1 0.5029761904761905 0.880787037037037 0.048611111111111105 0.048611111111111105
1 0.44357638888888884 0.9285714285714285 0.06026785714285714 0.14219576719576718
1 0.38616071428571425 0.9639550264550264 0.05803571428571428 0.07142857142857142
1 0.39285714285714285 0.8921957671957671 0.07638888888888888 0.07605820105820105
1 0.33048115079365076 0.9293981481481481 0.054315476190476185 0.13789682539682538
1 0.41666666666666663 0.7448743386243386 0.0625 0.1259920634920635
1 0.24330357142857142 0.8792989417989417 0.06746031746031746 0.047619047619047616
1 0.18861607142857142 0.8738425925925926 0.04538690476190476 0.036044973544973546
1 0.14310515873015872 0.8713624338624338 0.04563492063492063 0.037037037037037035
1 0.1953125 0.9191468253968254 0.06175595238095238 0.05324074074074074
1 0.14174107142857142 0.9181547619047619 0.04538690476190476 0.054563492063492064
1 0.5938740079365079 0.6129298941798942 0.013640873015873016 0.030753968253968252
1 0.581969246031746 0.6164021164021164 0.014632936507936508 0.042328042328042326
1 0.5768849206349206 0.6160714285714285 0.009424603174603174 0.04298941798941799
1 0.5643601190476191 0.6164021164021164 0.015128968253968252 0.042328042328042326
1 0.5498511904761905 0.6178902116402116 0.013888888888888888 0.04398148148148148
1 0.536954365079365 0.6160714285714285 0.01240079365079365 0.04365079365079365
1 0.5229414682539683 0.6149140211640212 0.013640873015873016 0.038029100529100524
1 0.5110367063492063 0.6145833333333333 0.011656746031746032 0.03869047619047619
1 0.5500992063492063 0.13971560846560846 0.049107142857142856 0.18287037037037035
1 0.019469246031746032 0.7104828042328042 0.013144841269841268 0.12996031746031744
1 0.05034722222222222 0.7177579365079365 0.023809523809523808 0.14318783068783067
1 0.07899305555555555 0.718584656084656 0.02554563492063492 0.14219576719576718
1 0.10652281746031746 0.7192460317460317 0.03298611111111111 0.13822751322751323
1 0.13157242063492064 0.7202380952380952 0.028521825396825396 0.1402116402116402
1 0.171875 0.6575727513227513 0.018849206349206348 0.05191798941798942
1 0.17919146825396826 0.6545965608465608 0.02058531746031746 0.053902116402116396
1 0.18638392857142855 0.6498015873015872 0.01413690476190476 0.05291005291005291
1 0.16939484126984125 0.6818783068783069 0.017857142857142856 0.011243386243386243
1 0.21701388888888887 0.6841931216931216 0.016369047619047616 0.017195767195767195
1 0.18303571428571427 0.7357804232804233 0.020833333333333332 0.10846560846560846
1 0.20560515873015872 0.7372685185185185 0.020337301587301584 0.10945767195767195
1 0.24144345238095236 0.6441798941798942 0.022569444444444444 0.07936507936507936
1 0.2673611111111111 0.6335978835978836 0.0183531746031746 0.07407407407407407
1 0.24541170634920634 0.7374338624338624 0.019593253968253968 0.10648148148148148
1 0.28125 0.7294973544973544 0.0183531746031746 0.10317460317460317
1 0.2925347222222222 0.7215608465608465 0.016617063492063492 0.0992063492063492
1 0.2698412698412698 0.6759259259259259 0.010912698412698412 0.011243386243386243
1 0.25843253968253965 0.6785714285714285 0.010416666666666666 0.008597883597883597
1 0.3663194444444444 0.6782407407407407 0.012896825396825396 0.03571428571428571
1 0.35044642857142855 0.6747685185185185 0.015873015873015872 0.016203703703703703
1 0.35416666666666663 0.7261904761904762 0.02132936507936508 0.1025132275132275
1 0.38405257936507936 0.6909722222222222 0.017609126984126984 0.05720899470899471
1 0.33246527777777773 0.7228835978835978 0.016617063492063492 0.10185185185185185
1 0.2466517857142857 0.5876322751322751 0.012648809523809524 0.007936507936507936
1 0.2361111111111111 0.5914351851851851 0.009424603174603174 0.007605820105820105
1 0.22991071428571427 0.5950727513227513 0.013392857142857142 0.00496031746031746
1 0.22507440476190474 0.6010251322751322 0.0091765873015873 0.006283068783068783
1 0.2171378968253968 0.6061507936507936 0.011160714285714284 0.009259259259259259
1 0.17646329365079363 0.6226851851851851 0.009672619047619048 0.009259259259259259
1 0.16530257936507936 0.6279761904761905 0.014632936507936508 0.00992063492063492
1 0.15600198412698413 0.6335978835978836 0.013888888888888888 0.013888888888888888
1 0.146453373015873 0.6410383597883598 0.01413690476190476 0.016203703703703703
1 0.13467261904761904 0.6415343915343915 0.01240079365079365 0.008597883597883597
1 0.19481646825396826 0.6020171957671957 0.007688492063492063 0.008267195767195767
1 0.18563988095238093 0.6061507936507936 0.013144841269841268 0.007275132275132275
1 0.18303571428571427 0.609457671957672 0.012896825396825396 0.008597883597883597
1 0.17410714285714285 0.6149140211640212 0.01240079365079365 0.01488095238095238
1 0.162078373015873 0.6173941798941799 0.016617063492063492 0.011904761904761904
1 0.1484375 0.6231812169312169 0.012152777777777776 0.013558201058201057
1 0.13752480158730157 0.6259920634920635 0.008184523809523808 0.011904761904761904
1 0.1277281746031746 0.6319444444444444 0.010416666666666666 0.01455026455026455
1 0.11755952380952381 0.6392195767195766 0.00744047619047619 0.017195767195767195
1 0.10602678571428571 0.642691798941799 0.01413690476190476 0.01488095238095238
1 0.17584325396825395 0.6051587301587301 0.00992063492063492 0.011904761904761904
1 0.16592261904761904 0.6089616402116402 0.005952380952380952 0.016203703703703703
1 0.13603670634920634 0.6172288359788359 0.011160714285714284 0.00958994708994709
1 0.1494295634920635 0.613260582010582 0.010168650793650792 0.012235449735449735
1 0.12512400793650794 0.623015873015873 0.011160714285714284 0.011243386243386243
1 0.11396329365079365 0.6279761904761905 0.011160714285714284 0.00992063492063492
1 0.10131448412698413 0.6329365079365079 0.010168650793650792 0.012566137566137565
1 0.0896577380952381 0.6397156084656084 0.010168650793650792 0.013558201058201057
1 0.07961309523809523 0.6446759259259259 0.013888888888888888 0.011574074074074073
1 0.06572420634920635 0.6484788359788359 0.012896825396825396 0.01521164021164021
1 0.4899553571428571 0.6387235449735449 0.011656746031746032 0.012896825396825396
1 0.488219246031746 0.6455026455026455 0.008680555555555556 0.011904761904761904
1 0.4831349206349206 0.6536044973544973 0.008928571428571428 0.021494708994708994
1 0.47371031746031744 0.6564153439153438 0.010912698412698412 0.007275132275132275
1 0.4735863095238095 0.7075066137566137 0.021081349206349204 0.09689153439153439
1 0.5068204365079365 0.6392195767195766 0.01066468253968254 0.007936507936507936
1 0.49615575396825395 0.6565806878306878 0.01066468253968254 0.006283068783068783
1 0.49516369047619047 0.7084986772486772 0.01909722222222222 0.09623015873015872
1 0.5252976190476191 0.6458333333333333 0.011408730158730158 0.015873015873015872
1 0.5231894841269841 0.6489748677248677 0.01066468253968254 0.008267195767195767
1 0.5715525793650793 0.6812169312169312 0.01413690476190476 0.015873015873015872
1 0.652157738095238 0.6792328042328042 0.013640873015873016 0.015873015873015872
1 0.6277281746031745 0.6790674603174602 0.015376984126984126 0.01488095238095238
1 0.6030505952380952 0.6782407407407407 0.013640873015873016 0.01521164021164021
1 0.6547619047619048 0.7331349206349206 0.0248015873015873 0.11243386243386243
1 0.6303323412698413 0.7333002645502645 0.025049603174603172 0.11078042328042327
1 0.605530753968254 0.7333002645502645 0.023561507936507936 0.10945767195767195
1 0.6194196428571428 0.6349206349206349 0.013144841269841268 0.08134920634920634
1 0.6262400793650793 0.6359126984126984 0.016865079365079364 0.07208994708994709
1 0.6294642857142857 0.638558201058201 0.016865079365079364 0.0667989417989418
1 0.644593253968254 0.6412037037037037 0.025297619047619048 0.06481481481481481
1 0.6625744047619048 0.6509589947089947 0.018601190476190476 0.0367063492063492
1 0.6688988095238095 0.6979166666666666 0.02132936507936508 0.11144179894179894
0 0.28596230158730157 0.513723544973545 0.025793650793650792 0.02017195767195767
0 0.3302331349206349 0.3630952380952381 0.023561507936507936 0.01917989417989418
0 0.6060267857142857 0.24222883597883596 0.02405753968253968 0.022156084656084655
0 0.9645337301587301 0.23511904761904762 0.026785714285714284 0.021164021164021163
0 0.888516865079365 0.5143849206349206 0.025049603174603172 0.020833333333333332
0 0.7296626984126984 0.5143849206349206 0.025793650793650792 0.02017195767195767
0 0.0404265873015873 0.24685846560846558 0.026785714285714284 0.021494708994708994
0 0.24962797619047616 0.2448743386243386 0.024553571428571428 0.022817460317460316
0 0.022817460317460316 0.5125661375661376 0.025297619047619048 0.023148148148148147
0 0.08333333333333333 0.35416666666666663 0.025297619047619048 0.018518518518518517
0 0.1688988095238095 0.3546626984126984 0.025793650793650792 0.018187830687830687
1 0.7935267857142857 0.4173280423280423 0.012648809523809524 0.05291005291005291
1 0.8048115079365079 0.41914682539682535 0.013392857142857142 0.05125661375661375
1 0.8091517857142857 0.4173280423280423 0.01066468253968254 0.05357142857142857
1 0.8154761904761905 0.445271164021164 0.011408730158730158 0.11474867724867724
1 0.8297371031746031 0.445271164021164 0.01810515873015873 0.11673280423280423
1 0.8411458333333333 0.4439484126984127 0.021081349206349204 0.1207010582010582
1 0.8871527777777777 0.44163359788359785 0.027281746031746032 0.12202380952380952
1 0.9148065476190476 0.4427910052910053 0.027529761904761904 0.11904761904761904
1 0.9372519841269841 0.44262566137566134 0.01984126984126984 0.12136243386243385
1 0.9497767857142857 0.439484126984127 0.030009920634920632 0.12698412698412698
1 0.9796626984126984 0.43551587301587297 0.03125 0.13425925925925924
1 0.9946676587301587 0.43171296296296297 0.010168650793650792 0.12797619047619047
1 0.9688740079365079 0.9333664021164021 0.06225198412698412 0.13128306878306878
1 0.8773561507936507 0.9695767195767195 0.12078373015873015 0.05886243386243386
1 0.8812003968253967 0.9027777777777777 0.11359126984126984 0.07208994708994709
1 0.7951388888888888 0.910218253968254 0.07192460317460317 0.08895502645502645
1 0.7890625 0.9654431216931216 0.06225198412698412 0.06514550264550265
1 0.7853422619047619 0.3594576719576719 0.0662202380952381 0.005952380952380952
0 0.808655753968254 0.14434523809523808 0.011656746031746032 0.011574074074074073
0 0.8054315476190476 0.18617724867724866 0.008184523809523808 0.013888888888888888
1 0.7965029761904762 0.17840608465608465 0.017113095238095236 0.02414021164021164
1 0.7805059523809523 0.17757936507936506 0.017857142857142856 0.02447089947089947
1 0.7993551587301587 0.21709656084656084 0.015873015873015872 0.02017195767195767
1 0.7826140873015872 0.21742724867724866 0.017113095238095236 0.020833333333333332
1 0.027033730158730156 0.38541666666666663 0.03571428571428571 0.048611111111111105
1 0.027901785714285712 0.4282407407407407 0.03645833333333333 0.04563492063492063
1 0.0183531746031746 0.34011243386243384 0.019345238095238096 0.04067460317460317
1 0.05133928571428571 0.34375 0.014384920634920634 0.03207671957671958
1 0.7182539682539683 0.35995370370370366 0.06398809523809523 0.007605820105820105
0 0.5308779761904762 0.8139880952380952 0.02554563492063492 0.022156084656084655
0 0.7006448412698413 0.814318783068783 0.024305555555555552 0.022817460317460316
1 0.0574156746031746 0.1455026455026455 0.06274801587301587 0.18253968253968253
1 0.13529265873015872 0.20949074074074073 0.08308531746031746 0.05191798941798942
1 0.19779265873015872 0.17063492063492064 0.06026785714285714 0.1349206349206349
1 0.016121031746031744 0.1552579365079365 0.01984126984126984 0.16699735449735448
1 0.2493799603174603 0.14517195767195767 0.05133928571428571 0.18386243386243384
1 0.7052331349206349 0.6030092592592592 0.012648809523809524 0.020833333333333332
1 0.6868799603174602 0.6041666666666666 0.01066468253968254 0.018518518518518517
1 0.6822916666666666 0.6021825396825397 0.011408730158730158 0.01917989417989418
1 0.8726438492063492 0.583829365079365 0.02306547619047619 0.008928571428571428
1 0.8726438492063492 0.5987103174603174 0.02554563492063492 0.022817460317460316
1 0.8541666666666666 0.6030092592592592 0.01984126984126984 0.008928571428571428
1 0.15997023809523808 0.5899470899470899 0.010416666666666666 0.013888888888888888
1 0.1488095238095238 0.5993716931216931 0.006448412698412698 0.018187830687830687
1 0.031001984126984124 0.6507936507936507 0.009424603174603174 0.03571428571428571
1 0.02232142857142857 0.6334325396825397 0.011904761904761904 0.01488095238095238
1 0.5813492063492063 0.3621031746031746 0.012896825396825396 0.007936507936507936
1 0.5944940476190476 0.36342592592592593 0.011408730158730158 0.010582010582010581
1 0.607390873015873 0.36276455026455023 0.01240079365079365 0.005952380952380952
1 0.6459573412698413 0.36078042328042326 0.06026785714285714 0.005291005291005291
1 0.14112103174603174 0.6006944444444444 0.00992063492063492 0.016865079365079364
1 0.1328125 0.6056547619047619 0.007688492063492063 0.017526455026455025
1 0.8742559523809523 0.6836970899470899 0.016369047619047616 0.04398148148148148
1 0.865203373015873 0.6488095238095237 0.015128968253968252 0.023809523809523808
1 0.8523065476190476 0.6559193121693121 0.01066468253968254 0.017526455026455025
1 0.7571924603174602 0.5899470899470899 0.03125 0.026455026455026454
1 0.7580605158730158 0.5714285714285714 0.03794642857142857 0.008597883597883597
1 0.9365079365079365 0.6416997354497355 0.019345238095238096 0.020833333333333332
1 0.909970238095238 0.6456679894179894 0.019345238095238096 0.020833333333333332
1 0.9009176587301587 0.14699074074074073 0.03943452380952381 0.16765873015873015
1 0.8911210317460317 0.09358465608465608 0.020833333333333332 0.037698412698412696
1 0.8704117063492063 0.1541005291005291 0.02802579365079365 0.14616402116402116
1 0.9335317460317459 0.6817129629629629 0.016865079365079364 0.05125661375661375
1 0.921750992063492 0.6724537037037037 0.010168650793650792 0.04265873015873016
1 0.9103422619047619 0.6572420634920635 0.012648809523809524 0.018187830687830687
1 0.900297619047619 0.6812169312169312 0.014384920634920634 0.04431216931216931
1 0.8655753968253967 0.662037037037037 0.014384920634920634 0.01521164021164021
1 0.9019097222222222 0.642691798941799 0.016121031746031744 0.0248015873015873
1 0.8829365079365079 0.6418650793650793 0.019345238095238096 0.01521164021164021
1 0.8420138888888888 0.6412037037037037 0.020337301587301584 0.010582010582010581
1 0.7843501984126984 0.6435185185185185 0.015625 0.021825396825396824
1 0.7731894841269841 0.6362433862433862 0.010168650793650792 0.018518518518518517
1 0.7611607142857142 0.6519510582010581 0.013888888888888888 0.043320105820105814
1 0.738343253968254 0.6575727513227513 0.017361111111111112 0.043320105820105814
1 0.7307787698412698 0.6484788359788359 0.021577380952380952 0.03439153439153439
1 0.687375992063492 0.6496362433862434 0.015625 0.03207671957671958
1 0.6655505952380952 0.6211970899470899 0.017609126984126984 0.02017195767195767
1 0.689236111111111 0.6238425925925926 0.020337301587301584 0.017526455026455025
1 0.7172619047619048 0.6299603174603174 0.01488095238095238 0.013888888888888888
1 0.7578125 0.6291335978835978 0.013144841269841268 0.013558201058201057
1 0.75 0.6359126984126984 0.011904761904761904 0.015873015873015872
1 0.7083333333333333 0.6355820105820106 0.01984126984126984 0.03439153439153439
1 0.6919642857142857 0.6145833333333333 0.016369047619047616 0.016865079365079364
1 0.7229662698412698 0.6054894179894179 0.013392857142857142 0.01917989417989418
1 0.060019841269841265 0.6321097883597884 0.01240079365079365 0.022156084656084655
1 0.031374007936507936 0.5884589947089947 0.008184523809523808 0.008267195767195767
1 0.11805555555555555 0.6116071428571428 0.008928571428571428 0.017526455026455025
1 0.08482142857142856 0.621031746031746 0.015873015873015872 0.0291005291005291
1 0.12065972222222221 0.5901124338624338 0.013144841269841268 0.011574074074074073
1 0.14000496031746032 0.589781746031746 0.008680555555555556 0.00958994708994709
1 0.10354662698412698 0.5904431216931216 0.011656746031746032 0.010912698412698412
1 0.08829365079365079 0.5869708994708994 0.008928571428571428 0.007936507936507936
1 0.06919642857142856 0.5902777777777778 0.00992063492063492 0.013227513227513227
1 0.050595238095238096 0.5891203703703703 0.010416666666666666 0.013558201058201057
1 0.10404265873015872 0.6140873015873015 0.007192460317460317 0.027116402116402115
1 0.046750992063492064 0.9742063492063492 0.05381944444444444 0.05092592592592592
1 0.12413194444444443 0.6074735449735449 0.006696428571428571 0.013888888888888888
1 0.03608630952380952 0.3404431216931217 0.017113095238095236 0.03869047619047619
1 0.12078373015873015 0.40922619047619047 0.040178571428571425 0.022156084656084655
1 0.16269841269841268 0.3082010582010582 0.06051587301587301 0.01521164021164021
1 0.17584325396825395 0.3326719576719577 0.06845238095238095 0.025793650793650792
1 0.24404761904761904 0.3316798941798942 0.07192460317460317 0.032407407407407406
1 0.28360615079365076 0.33382936507936506 0.019593253968253968 0.03273809523809523
1 0.27467757936507936 0.3247354497354497 0.06374007936507936 0.027777777777777776
1 0.7842261904761905 0.47387566137566134 0.05109126984126984 0.05952380952380952
1 0.269469246031746 0.7369378306878307 0.020089285714285712 0.10945767195767195
1 0.20374503968253968 0.6097883597883598 0.013640873015873016 0.00992063492063492
1 0.18613591269841268 0.6193783068783069 0.012152777777777776 0.012566137566137565
1 0.5130208333333333 0.7061838624338624 0.016121031746031744 0.09887566137566137
1 0.5226934523809523 0.6828703703703703 0.013144841269841268 0.01521164021164021
1 0.34784226190476186 0.32539682539682535 0.06076388888888889 0.004629629629629629
1 0.15376984126984125 0.595734126984127 0.007936507936507936 0.016865079365079364
1 0.4104662698412698 0.32407407407407407 0.06448412698412698 0.0006613756613756613
1 0.353546626984127 0.3204365079365079 0.057291666666666664 0.003968253968253968
1 0.5378224206349206 0.32589285714285715 0.058779761904761904 0.01025132275132275
1 0.14322916666666666 0.9760251322751322 0.14459325396825395 0.04728835978835978
1 0.16046626984126983 0.6590608465608465 0.022817460317460316 0.04828042328042328
1 0.20126488095238093 0.6506283068783069 0.023561507936507936 0.06514550264550265
1 0.2201140873015873 0.6607142857142857 0.018601190476190476 0.1025132275132275
1 0.19035218253968253 0.6836970899470899 0.016617063492063492 0.014219576719576719
1 0.8802083333333333 0.6617063492063492 0.01488095238095238 0.025793650793650792
1 0.7374751984126984 0.6294642857142857 0.015625 0.012896825396825396
1 0.09474206349206349 0.6157407407407407 0.010416666666666666 0.026455026455026454
1 0.7222222222222222 0.6975859788359788 0.025297619047619048 0.11541005291005291
1 0.8082837301587301 0.7015542328042328 0.03869047619047619 0.17559523809523808
1 0.8363095238095237 0.6712962962962963 0.016369047619047616 0.04497354497354497
1 0.9567212301587301 0.13293650793650794 0.044394841269841265 0.18716931216931215
1 0.25458829365079366 0.6390542328042328 0.017609126984126984 0.07705026455026455
1 0.5259176587301587 0.7392526455026455 0.026537698412698412 0.11673280423280423
1 0.5473710317460317 0.6822089947089947 0.015376984126984126 0.01455026455026455
1 0.550719246031746 0.7369378306878307 0.021081349206349204 0.11474867724867724
1 0.574280753968254 0.7371031746031745 0.02554563492063492 0.1111111111111111
1 0.0740327380952381 0.628968253968254 0.011160714285714284 0.021825396825396824
1 0.48462301587301587 0.4742063492063492 0.050099206349206345 0.0582010582010582
1 0.5344742063492063 0.4743716931216931 0.0496031746031746 0.059193121693121686
1 0.6938244047619048 0.6954365079365079 0.028521825396825396 0.11375661375661375
1 0.7449156746031745 0.7023809523809523 0.01810515873015873 0.11177248677248677
1 0.7566964285714285 0.7144510582010581 0.027281746031746032 0.12268518518518517
1 0.7808779761904762 0.7156084656084656 0.01909722222222222 0.12169312169312169
1 0.8402777777777777 0.7248677248677249 0.025297619047619048 0.125
1 0.855530753968254 0.7334656084656084 0.03298611111111111 0.12764550264550265
1 0.886780753968254 0.7334656084656084 0.027033730158730156 0.13227513227513227
1 0.9154265873015872 0.7318121693121693 0.026289682539682536 0.12896825396825395
1 0.9481646825396824 0.7331349206349206 0.033234126984126984 0.1283068783068783
1 0.9637896825396824 0.6572420634920635 0.013888888888888888 0.018187830687830687
1 0.9491567460317459 0.6583994708994708 0.010912698412698412 0.015873015873015872
1 0.046875 0.6364087301587301 0.009424603174603174 0.016203703703703703
1 0.25235615079365076 0.9505621693121693 0.11929563492063491 0.09821428571428571
1 0.5040922619047619 0.6459986772486772 0.011656746031746032 0.004298941798941799
1 0.5021081349206349 0.6575727513227513 0.010168650793650792 0.015542328042328041
1 0.5248015873015873 0.6676587301587301 0.015376984126984126 0.03571428571428571
1 0.15811011904761904 0.611441798941799 0.005208333333333333 0.011243386243386243
1 0.1940724206349206 0.6117724867724867 0.009672619047619048 0.007936507936507936
1 0.15984623015873015 0.7366071428571428 0.025049603174603172 0.10615079365079365
1 0.8565228174603174 0.4431216931216931 0.034474206349206345 0.12235449735449735
1 0.9836309523809523 0.7319775132275131 0.03224206349206349 0.13194444444444445
