1 0.14195384128991465 0.11614671163575041 0.03540942143534619 0.03330522765598651
1 0.10227631994941512 0.12752951096121415 0.04268099905153336 0.03667790893760539
1 0.06149225418906102 0.12752951096121415 0.036357888080935825 0.03330522765598651
1 0.17277900727157763 0.12394603709949409 0.022447043945621248 0.016863406408094434
1 0.15412582990831492 0.14671163575042157 0.04837179892507114 0.03709949409780776
1 0.04584255453683213 0.16336424957841483 0.033512488144166935 0.02487352445193929
1 0.07998735377805881 0.16315345699831366 0.03414479924122669 0.03204047217537943
1 0.11381599747075562 0.16231028667790892 0.030350932658868165 0.02951096121416526
1 0.16993360733480875 0.18254637436762225 0.04141637685741385 0.031197301854974702
1 0.1277268416060702 0.19161045531197302 0.03793866582358521 0.028246205733558176
1 0.09089472020233956 0.193929173693086 0.0312993993044578 0.025295109612141653
1 0.05548529876699337 0.18465430016863404 0.03193171040151755 0.01517706576728499
1 0.018653177363262725 0.19203204047217537 0.03540942143534619 0.025716694772344013
1 0.060543787543471395 0.22449409780775714 0.04268099905153336 0.05860033726812816
1 0.10132785330382549 0.2316610455311973 0.03572557698387607 0.045109612141652614
1 0.1392665191274107 0.23123946037099494 0.03572557698387607 0.045952782462057334
1 0.1764147960796712 0.2261804384485666 0.03730635472652545 0.05354131534569983
1 0.02434397723680051 0.23102866779089376 0.028453999367688904 0.047217537942664416
1 0.0049004110022130894 0.23123946037099494 0.008536199810306672 0.046795952782462055
1 0.19222257350616506 0.13806913996627318 0.013278533038254822 0.031618887015177066
1 0.18637369585836233 0.1625210792580101 0.0135946885867847 0.024030354131534568
1 0.19933607334808728 0.16673693086003372 0.014226999683844452 0.022344013490725127
1 0.21103382864369272 0.17263912310286678 0.018020866266202973 0.031618887015177066
1 0.22225735061650334 0.1711635750421585 0.01454315523237433 0.017706576728499155
1 0.2056591843186848 0.1937183811129848 0.021814732848561495 0.024030354131534568
1 0.19601644008852356 0.2002529510961214 0.012646221941195069 0.021922428330522763
1 0.21324691748340185 0.23123946037099494 0.03382864369269681 0.046795952782462055
1 0.23711666139740753 0.19350758853288363 0.032880177047107176 0.03794266441821248
1 0.2467594056275688 0.2272344013490725 0.0312993993044578 0.042158516020236084
1 0.25482137211508066 0.1572512647554806 0.03793866582358521 0.045531197301854974
1 0.2786911160290863 0.13406408094435074 0.033196332595637056 0.04047217537942664
1 0.2932342712614607 0.15893760539629004 0.033196332595637056 0.03794266441821248
1 0.3118874486247234 0.13174536256323777 0.029402466013278537 0.031618887015177066
1 0.2711033828643693 0.1897133220910624 0.0325640214985773 0.0387858347386172
1 0.30556433765412583 0.1918212478920742 0.0312993993044578 0.04468802698145025
1 0.328327537148277 0.15493254637436762 0.03509326588681631 0.03920741989881956
1 0.33227948150490044 0.12731871838111297 0.010749288650015808 0.013490725126475547
1 0.3528295921593424 0.13195615514333894 0.030983243755927918 0.0387858347386172
1 0.3662662029718622 0.16715851602023607 0.03509326588681631 0.046795952782462055
1 0.38665823585203923 0.13406408094435074 0.033512488144166935 0.046374367622259695
1 0.3893455580145432 0.1958263069139966 0.0312993993044578 0.04005059021922428
1 0.4079987353778059 0.1637858347386172 0.027505532722099275 0.03667790893760539
1 0.42949731267783753 0.16505059021922427 0.02118242175150174 0.03667790893760539
1 0.42380651280429976 0.19350758853288363 0.033196332595637056 0.03794266441821248
1 0.4317104015175467 0.22849915682967958 0.04015175466329434 0.04974704890387858
1 0.2837496048055644 0.22681281618887014 0.038887132469174836 0.05396290050590219
1 0.3226367372747392 0.2293423271500843 0.03572557698387607 0.045531197301854974
1 0.3390768257982928 0.18697301854974704 0.036357888080935825 0.051011804384485666
1 0.3597850142269997 0.22976391231028667 0.0366740436294657 0.04974704890387858
1 0.39503635788808095 0.23334738617200673 0.03193171040151755 0.042580101180438444
1 0.4443566234587417 0.196247892074199 0.012962377489724945 0.025716694772344013
1 0.45858362314258616 0.20446880269814502 0.02118242175150174 0.028667790893760536
1 0.4672779007271578 0.2356661045531197 0.02782168827062915 0.04131534569983136
1 0.4851406892190958 0.19877740303541314 0.03003477711033829 0.03330522765598651
1 0.49636421119190643 0.23524451939291735 0.02782168827062915 0.042158516020236084
1 0.5162820107492887 0.20383642495784146 0.02782168827062915 0.03836424957841484
1 0.5478975656022763 0.1981450252951096 0.02908631046474866 0.03794266441821248
1 0.5317736326272526 0.2356661045531197 0.030350932658868165 0.04131534569983136
1 0.582042364843503 0.19772344013490725 0.03161555485298767 0.0387858347386172
1 0.5637053430287702 0.2335581787521079 0.028453999367688904 0.04131534569983136
1 0.5945305090104331 0.23440134907251264 0.030667088207398042 0.0387858347386172
1 0.6125513752766362 0.19730185497470487 0.02877015491621878 0.043844856661045525
1 0.6286753082516598 0.22976391231028667 0.03572557698387607 0.04890387858347386
1 0.6459057856465381 0.19435075885328834 0.03540942143534619 0.043001686340640805
1 0.6664558963009801 0.22765598650927485 0.03793866582358521 0.04974704890387858
1 0.6764147960796713 0.1387015177065767 0.036357888080935825 0.04468802698145025
1 0.6595004742333228 0.16209949409780774 0.03414479924122669 0.040893760539629
1 0.6835282959215935 0.19034569983136593 0.036041732532405946 0.04426644182124789
1 0.7066076509642745 0.2282883642495784 0.039203288017704715 0.051011804384485666
1 0.7002845399936769 0.15788364249578413 0.03730635472652545 0.040893760539629
1 0.7233638950363579 0.13827993254637436 0.030983243755927918 0.043001686340640805
1 0.7233638950363579 0.18591905564924113 0.04046791021182422 0.04890387858347386
1 0.7447043945621247 0.22913153456998311 0.03382864369269681 0.045952782462057334
1 0.7473917167246286 0.1627318718381113 0.03224786595004742 0.043844856661045525
1 0.7625671830540627 0.1918212478920742 0.033512488144166935 0.04468802698145025
1 0.7840657603540943 0.2272344013490725 0.039203288017704715 0.04890387858347386
1 0.8313310148593108 0.2251264755480607 0.05406259879860892 0.05564924114671163
1 0.8503003477711034 0.18149241146711634 0.044577932342712616 0.05438448566610455
1 0.882390135946886 0.23060708263069138 0.04426177679418274 0.062394603709949405
1 0.889819791337338 0.12752951096121415 0.03699019917799558 0.043423271500843165
1 0.8736958583623143 0.16125632377740304 0.03193171040151755 0.045109612141652614
1 0.900252924438824 0.1829679595278246 0.04837179892507114 0.048060708263069137
1 0.9177995573822322 0.11867622259696459 0.030350932658868165 0.03920741989881956
1 0.9143218463484035 0.15451096121416524 0.033512488144166935 0.031618887015177066
1 0.9385077458109391 0.13364249578414839 0.04584255453683213 0.045531197301854974
1 0.9740752450205502 0.1174114671163575 0.04046791021182422 0.05185497470489039
1 0.984824533670566 0.13954468802698144 0.030350932658868165 0.04131534569983136
1 0.9614290230793551 0.1669477234401349 0.032880177047107176 0.0387858347386172
1 0.9826114448308568 0.18465430016863404 0.03414479924122669 0.047217537942664416
1 0.9404046791021183 0.1852866779089376 0.04331331014859311 0.043423271500843165
1 0.9250711349984193 0.2263912310286678 0.03983559911476447 0.05311973018549747
1 0.9687006006955423 0.2238617200674536 0.04362946569712299 0.05396290050590219
1 0.8664242807461272 0.1218381112984823 0.01612393297502371 0.021079258010118042
1 0.8586784698071451 0.14291736930860033 0.015175466329434083 0.021079258010118042
1 0.8552007587733166 0.12521079258010118 0.017704710717673097 0.02445193929173693
1 0.8428706923806514 0.15029510961214165 0.02908631046474866 0.025716694772344013
1 0.820897881757825 0.1528246205733558 0.03382864369269681 0.03414839797639123
1 0.846190325640215 0.1218381112984823 0.0312993993044578 0.026981450252951095
1 0.9472020233955106 0.10813659359190556 0.019601644008852358 0.013912310286677908
1 0.00679734429339235 0.3357925801011804 0.0135946885867847 0.042580101180438444
1 0.024818210559595322 0.33874367622259693 0.044577932342712616 0.03836424957841484
1 0.05469490989566867 0.3456998313659359 0.03730635472652545 0.050590219224283306
1 0.0902624091052798 0.33979763912310285 0.0325640214985773 0.046374367622259695
1 0.12582990831489094 0.3412731871838111 0.03414479924122669 0.040893760539629
1 0.1628201074928865 0.3374789207419899 0.03414479924122669 0.045109612141652614
1 0.18653177363262727 0.3410623946037099 0.026557066076509643 0.046374367622259695
1 0.19854568447676257 0.3347386172006745 0.025292443882390138 0.03625632377740303
1 0.16613974075245022 0.3813237774030354 0.04268099905153336 0.047639123102866776
1 0.13847613025608602 0.3872259696458684 0.036041732532405946 0.05185497470489039
1 0.09974707556117611 0.37731871838111297 0.03699019917799558 0.05311973018549747
1 0.06117609864053115 0.38511804384485665 0.03699019917799558 0.045109612141652614
1 0.02703129939930446 0.3834317032040472 0.03003477711033829 0.047639123102866776
1 0.20407840657603543 0.37984822934232715 0.0325640214985773 0.04974704890387858
1 0.22605121719886187 0.342327150084317 0.039203288017704715 0.047217537942664416
1 0.24122668352829593 0.38174536256323777 0.03983559911476447 0.045109612141652614
1 0.2649383496680367 0.34865092748735244 0.032880177047107176 0.03962900505902192
1 0.24754979449889347 0.31176222596964587 0.03730635472652545 0.042580101180438444
1 0.27884919380335127 0.38153456998313656 0.03414479924122669 0.043844856661045525
1 0.2813784381915903 0.3145025295109612 0.029718621561808413 0.043001686340640805
1 0.29813468226367373 0.3488617200674536 0.03161555485298767 0.03667790893760539
1 0.31678785962693645 0.3126053962900506 0.03730635472652545 0.046795952782462055
1 0.3523553588365476 0.3147133220910624 0.038887132469174836 0.045109612141652614
1 0.38918748024027827 0.3113406408094435 0.03224786595004742 0.03836424957841484
1 0.40214985773000317 0.3349494097807757 0.03983559911476447 0.04426644182124789
1 0.3705343028770155 0.3456998313659359 0.029718621561808413 0.04131534569983136
1 0.3126778374960481 0.3794266441821248 0.03224786595004742 0.046374367622259695
1 0.33354410369901993 0.34844013490725123 0.030983243755927918 0.03583473861720067
1 0.3485614922541891 0.37710792580101177 0.03572557698387607 0.043423271500843165
1 0.38349668036674045 0.3813237774030354 0.02908631046474866 0.04426644182124789
1 0.41685109073664245 0.37984822934232715 0.0325640214985773 0.043844856661045525
1 0.4100537464432501 0.30206576728499157 0.026557066076509643 0.021500843170320402
1 0.42396459057856467 0.33537099494097805 0.018969332911792605 0.03920741989881956
1 0.4424596901675625 0.3324198988195615 0.018653177363262725 0.03920741989881956
1 0.4280746127094531 0.3121838111298482 0.010749288650015808 0.026559865092748734
1 0.44909895668668987 0.3821669477234401 0.02877015491621878 0.045952782462057334
1 0.46459057856465386 0.3475969645868465 0.03193171040151755 0.042580101180438444
1 0.49588997786911165 0.3482293423271501 0.027505532722099275 0.03962900505902192
1 0.47897565602276326 0.385539629005059 0.0271893771735694 0.040893760539629
1 0.5090104331331016 0.3846964586846543 0.030350932658868165 0.043423271500843165
1 0.5271893771735694 0.3499156829679595 0.029402466013278537 0.042158516020236084
1 0.5580145431552325 0.32462057335581784 0.025292443882390138 0.023608768971332208
1 0.5576983876067025 0.3518128161888701 0.0271893771735694 0.040893760539629
1 0.5878912424913058 0.35139123102866776 0.030667088207398042 0.040893760539629
1 0.5406259879860892 0.3880691399662732 0.02782168827062915 0.04005059021922428
1 0.5708188428706924 0.38680438448566606 0.028137843819159028 0.04173693086003372
1 0.6006955422067658 0.38701517706576727 0.026557066076509643 0.04131534569983136
1 0.6319949415112236 0.38427487352445194 0.030350932658868165 0.045109612141652614
1 0.6650331963325957 0.3846964586846543 0.03193171040151755 0.042580101180438444
1 0.6460638634208031 0.34591062394603705 0.03446095478975656 0.042580101180438444
1 0.6662978185267152 0.3136593591905565 0.03382864369269681 0.043844856661045525
1 0.6991779955738223 0.30986509274873525 0.0312993993044578 0.03962900505902192
1 0.6809990515333545 0.34844013490725123 0.032880177047107176 0.043423271500843165
1 0.7325324059437244 0.3121838111298482 0.030983243755927918 0.03583473861720067
1 0.715776161871641 0.34591062394603705 0.032880177047107176 0.051011804384485666
1 0.6980714511539678 0.3865935919055649 0.033512488144166935 0.04047217537942664
1 0.7330066392665192 0.3825885328836425 0.0325640214985773 0.043423271500843165
1 0.7494467277900728 0.34696458684654297 0.029402466013278537 0.043001686340640805
1 0.7671514385077459 0.3145025295109612 0.03509326588681631 0.04131534569983136
1 0.7839076825798293 0.3480185497470489 0.033196332595637056 0.04173693086003372
1 0.7658868163136263 0.3857504215851602 0.0325640214985773 0.04468802698145025
1 0.7989250711349984 0.38406408094435074 0.029718621561808413 0.04468802698145025
1 0.8357571925387292 0.3825885328836425 0.036357888080935825 0.046795952782462055
1 0.8047739487828012 0.33452782462057334 0.036357888080935825 0.045952782462057334
1 0.8202655706607651 0.3587689713322091 0.0325640214985773 0.021922428330522763
1 0.8118874486247234 0.30333052276559863 0.0271893771735694 0.015598650927487351
1 0.8291179260196017 0.3111298482293423 0.025608599430920014 0.017706576728499155
1 0.8430287701549163 0.3347386172006745 0.036357888080935825 0.043001686340640805
1 0.8729054694909897 0.38406408094435074 0.033512488144166935 0.045531197301854974
1 0.8852355358836548 0.3438026981450253 0.041732532405943726 0.04426644182124789
1 0.9086310464748657 0.3163996627318718 0.032880177047107176 0.023187183811129847
1 0.9072083465064813 0.38490725126475545 0.03193171040151755 0.043844856661045525
1 0.9255453683212141 0.3429595278246206 0.03509326588681631 0.045109612141652614
1 0.9451470123300665 0.38153456998313656 0.03699019917799558 0.03962900505902192
1 0.9808725893139425 0.3802698145025295 0.0312993993044578 0.046374367622259695
1 0.9601644008852356 0.3360033726812816 0.0366740436294657 0.0387858347386172
1 0.9815049004110022 0.3155564924114671 0.0325640214985773 0.023187183811129847
1 0.9903572557698388 0.34506745362563235 0.01928548846032248 0.043423271500843165
1 0.9465697122984509 0.30649241146711637 0.03161555485298767 0.016863406408094434
1 0.8708504584255454 0.3145025295109612 0.02877015491621878 0.01854974704890388
1 0.8534619032564023 0.30986509274873525 0.018653177363262725 0.014333895446880268
1 0.00964274423016124 0.4671163575042158 0.01928548846032248 0.03541315345699831
1 0.014701233006639268 0.49578414839797635 0.02877015491621878 0.023608768971332208
1 0.028137843819159028 0.4854553119730185 0.021498577300031615 0.0290893760539629
1 0.03683212140373064 0.5198145025295109 0.02434397723680051 0.03372681281618887
1 0.05184950995889978 0.48608768971332206 0.036041732532405946 0.03541315345699831
1 0.08425545368321215 0.4846121416526138 0.023711666139740753 0.03752107925801012
1 0.06607650964274424 0.5181281618887015 0.02908631046474866 0.023608768971332208
1 0.08346506481188745 0.45320404721753793 0.033512488144166935 0.02023608768971332
1 0.1207714195384129 0.4536256323777403 0.030350932658868165 0.021079258010118042
1 0.12377489724944674 0.4835581787521079 0.03382864369269681 0.03288364249578415
1 0.09958899778691117 0.521079258010118 0.03477711033828644 0.042158516020236084
1 0.051691432184634845 0.5575463743676222 0.021814732848561495 0.043423271500843165
1 0.0787227315839393 0.5583895446880269 0.030350932658868165 0.04173693086003372
1 0.11097059753398673 0.5611298482293423 0.030350932658868165 0.03541315345699831
1 0.13736958583623143 0.5196037099494097 0.029402466013278537 0.03499156829679595
1 0.14479924122668353 0.5613406408094435 0.030350932658868165 0.03920741989881956
1 0.1595004742333228 0.47807757166947723 0.04015175466329434 0.03709949409780776
1 0.1779955738223206 0.5109612141652613 0.039203288017704715 0.03288364249578415
1 0.17941827379070505 0.5602866779089376 0.03446095478975656 0.04047217537942664
1 0.23047739487828015 0.4620573355817875 0.02213088839709137 0.03541315345699831
1 0.21166613974075246 0.4631112984822934 0.014859310780904206 0.03583473861720067
1 0.19222257350616506 0.4812394603709949 0.010116977552956055 0.027403035413153455
1 0.21372115080619666 0.5573355817875211 0.03224786595004742 0.04047217537942664
1 0.24802402782168828 0.5573355817875211 0.03572557698387607 0.042158516020236084
1 0.2837496048055644 0.5577571669477234 0.029402466013278537 0.042158516020236084
1 0.31536515965855205 0.5583895446880269 0.0312993993044578 0.043423271500843165
1 0.35093265886816316 0.556070826306914 0.0366740436294657 0.047217537942664416
1 0.38760670249762885 0.5543844856661045 0.03414479924122669 0.043844856661045525
1 0.4244388239013595 0.5499578414839797 0.03572557698387607 0.045109612141652614
1 0.4046791021182422 0.5122259696458684 0.03857097692064496 0.050590219224283306
1 0.369269680682896 0.5172849915682968 0.030350932658868165 0.042158516020236084
1 0.3367056591843187 0.5196037099494097 0.032880177047107176 0.03920741989881956
1 0.30177047107176735 0.5204468802698144 0.036357888080935825 0.045109612141652614
1 0.26636104963642115 0.5183389544688026 0.03193171040151755 0.046795952782462055
1 0.2315839392981347 0.5189713322091062 0.03382864369269681 0.043844856661045525
1 0.25529560543787544 0.4814502529510961 0.03572557698387607 0.04131534569983136
1 0.2921277268416061 0.48081787521079256 0.03540942143534619 0.04426644182124789
1 0.32500790388871326 0.4890387858347386 0.028453999367688904 0.03541315345699831
1 0.3555169143218464 0.4835581787521079 0.03003477711033829 0.04131534569983136
1 0.33528295921593426 0.46585160202360876 0.03193171040151755 0.021922428330522763
1 0.3695858362314259 0.45826306913996623 0.028453999367688904 0.022765598650927487
1 0.3910844135314575 0.4776559865092748 0.03730635472652545 0.042158516020236084
1 0.42380651280429976 0.48081787521079256 0.026873221625039523 0.030775716694772342
1 0.4367688902940247 0.5229763912310287 0.021814732848561495 0.02487352445193929
1 0.44151122352197286 0.5092748735244519 0.02118242175150174 0.022765598650927487
1 0.4601644008852356 0.5486930860033726 0.030667088207398042 0.04426644182124789
1 0.49509958899778694 0.5486930860033726 0.03224786595004742 0.040893760539629
1 0.5290863104647487 0.5505902192242833 0.02877015491621878 0.03456998313659359
1 0.5597533986721467 0.5508010118043845 0.026873221625039523 0.03583473861720067
1 0.5915270312993993 0.5567032040472175 0.02908631046474866 0.03752107925801012
1 0.57714195384129 0.5255059021922428 0.026240910527979767 0.03414839797639123
1 0.5434713879228581 0.5185497470489039 0.028453999367688904 0.03541315345699831
1 0.5034777110338287 0.5193929173693086 0.028137843819159028 0.031197301854974702
1 0.47107176730951633 0.5147554806070826 0.028453999367688904 0.031197301854974702
1 0.48861840025292447 0.48840640809443503 0.02877015491621878 0.030775716694772342
1 0.5245020550110655 0.502318718381113 0.026557066076509643 0.03330522765598651
1 0.5629149541574455 0.5004215851602023 0.026873221625039523 0.03709949409780776
1 0.5439456212456529 0.47554806070826305 0.027505532722099275 0.03541315345699831
1 0.510433133101486 0.47344013490725123 0.027505532722099275 0.03456998313659359
1 0.5368321214037307 0.4529932546374367 0.024660132785330385 0.01475548060708263
1 0.5093265886816314 0.45383642495784143 0.020866266202971863 0.012225969645868464
1 0.5773000316155549 0.4928330522765598 0.013278533038254822 0.026981450252951095
1 0.5602276319949415 0.47091062394603705 0.012646221941195069 0.021922428330522763
1 0.5940562756876384 0.5063237774030354 0.01833702181473285 0.023608768971332208
1 0.5921593423964591 0.5193929173693086 0.015175466329434083 0.02445193929173693
1 0.623300663926652 0.5533305227655986 0.03509326588681631 0.043423271500843165
1 0.6610812519759722 0.5529089376053963 0.03414479924122669 0.045952782462057334
1 0.6968068289598482 0.5535413153456998 0.032880177047107176 0.043844856661045525
1 0.7298450837812204 0.5548060708263068 0.0325640214985773 0.043844856661045525
1 0.7639898830224471 0.5545952782462057 0.03509326588681631 0.045952782462057334
1 0.7986089155864686 0.5539629005059021 0.03161555485298767 0.043844856661045525
1 0.777268416060702 0.518760539629005 0.033196332595637056 0.03920741989881956
1 0.7445463167878597 0.5183389544688026 0.030983243755927918 0.03836424957841484
1 0.7089788175782485 0.5174957841483979 0.03003477711033829 0.04173693086003372
1 0.6773632627252609 0.5177065767284992 0.0312993993044578 0.03794266441821248
1 0.641005374644325 0.5126475548060708 0.03446095478975656 0.046374367622259695
1 0.6568131520708189 0.48397976391231023 0.030667088207398042 0.03541315345699831
1 0.687322162503952 0.4856661045531197 0.029718621561808413 0.03372681281618887
1 0.7224154283907683 0.48334738617200673 0.030350932658868165 0.04005059021922428
1 0.7532405943724313 0.4867200674536256 0.030667088207398042 0.03752107925801012
1 0.736010116977553 0.4565767284991568 0.033512488144166935 0.02951096121416526
1 0.7031299399304458 0.462689713322091 0.029718621561808413 0.040893760539629
1 0.6710401517546634 0.4599494097807757 0.0312993993044578 0.03541315345699831
1 0.6190325640214986 0.4846121416526138 0.024027821688270633 0.03330522765598651
1 0.6187164084729687 0.5101180438448566 0.021498577300031615 0.0387858347386172
1 0.6422699968384445 0.46648397976391226 0.022447043945621248 0.02065767284991568
1 0.6452734745494784 0.4546795952782462 0.024660132785330385 0.01981450252951096
1 0.8316471704078408 0.5489038785834738 0.036357888080935825 0.03035413153456998
1 0.8365475814100538 0.512858347386172 0.033512488144166935 0.02487352445193929
1 0.8503003477711034 0.4917790893760539 0.030667088207398042 0.03330522765598651
1 0.8246917483401834 0.4633220910623946 0.028137843819159028 0.03625632377740303
1 0.815681315207082 0.4974704890387858 0.01833702181473285 0.027824620573355816
1 0.8496680366740437 0.45678752107925796 0.033196332595637056 0.030775716694772342
1 0.8789124249130573 0.46901349072512644 0.0366740436294657 0.04173693086003372
1 0.8831805248182106 0.5113827993254637 0.047739487828011386 0.045531197301854974
1 0.9149541574454633 0.46585160202360876 0.03793866582358521 0.048060708263069137
1 0.9141637685741385 0.6486087689713321 0.03699019917799558 0.045952782462057334
1 0.9196964906734114 0.684654300168634 0.030983243755927918 0.043844856661045525
1 0.9320265570660766 0.7078414839797639 0.03161555485298767 0.031197301854974702
1 0.9472020233955106 0.7352445193929174 0.04362946569712299 0.05227655986509275
1 0.9535251343661082 0.6473440134907251 0.03793866582358521 0.05354131534569983
1 0.9538412899146381 0.6895025295109611 0.04362946569712299 0.045109612141652614
1 0.987353778058805 0.6359612141652613 0.023395510591210877 0.03836424957841484
1 0.003003477711033829 0.8172428330522765 0.004110022130888397 0.028246205733558176
1 0.013910844135314576 0.8045952782462057 0.022763199494151124 0.021500843170320402
1 0.04015175466329434 0.8033305227655986 0.028453999367688904 0.01897133220910624
1 0.06338918748024028 0.8145025295109611 0.015491621877963959 0.03962900505902192
1 0.0828327537148277 0.8338954468802697 0.02908631046474866 0.045531197301854974
1 0.09595320897881758 0.8077571669477234 0.019917799557382234 0.022765598650927487
1 0.019759721783117294 0.8543423271500843 0.03382864369269681 0.04932546374367622
1 0.13088839709136896 0.8619308600337268 0.044894087891242496 0.05185497470489039
1 0.09626936452734747 0.8897554806070825 0.03509326588681631 0.04005059021922428
1 0.03699019917799558 0.8977655986509274 0.04046791021182422 0.045952782462057334
1 0.010433133101485931 0.9302276559865092 0.017704710717673097 0.0678752107925801
1 0.07477078722731585 0.9192664418212478 0.05406259879860892 0.05269814502529511
1 0.1228264306038571 0.9430860033726812 0.04015175466329434 0.03541315345699831
1 0.14053114132153022 0.9032462057335582 0.04837179892507114 0.0484822934232715
1 0.17530825165981664 0.9319139966273187 0.038887132469174836 0.06871838111298482
1 0.17246285172304776 0.831787521079258 0.028137843819159028 0.0387858347386172
1 0.2007587733164717 0.8218802698145025 0.029718621561808413 0.040893760539629
1 0.17688902940246604 0.8058600337268128 0.025608599430920014 0.024030354131534568
1 0.23190009484666457 0.8419055649241146 0.03382864369269681 0.05480607082630691
1 0.26651912741068606 0.8456998313659359 0.0271893771735694 0.0387858347386172
1 0.29766044894087895 0.8429595278246206 0.03003477711033829 0.04426644182124789
1 0.39819791337337973 0.8467537942664418 0.027505532722099275 0.045109612141652614
1 0.2431236168194752 0.8682546374367622 0.02908631046474866 0.040893760539629
1 0.28106228264306043 0.8688870151770657 0.02908631046474866 0.03372681281618887
1 0.33306987037622515 0.8467537942664418 0.03003477711033829 0.03920741989881956
1 0.21814732848561494 0.9340219224283305 0.03857097692064496 0.05354131534569983
1 0.25719253872905473 0.9222175379426644 0.03951944356623459 0.04932546374367622
1 0.29607967119822953 0.9131534569983136 0.036357888080935825 0.048060708263069137
1 0.3389187480240278 0.9173693086003372 0.04110022130888397 0.061551433389544684
1 0.3831805248182106 0.9129426644182125 0.029718621561808413 0.0678752107925801
1 0.5483717989250712 0.9466694772344013 0.0312993993044578 0.05691399662731871
1 0.602592475497945 0.9390809443507588 0.03857097692064496 0.07293423271500843
1 0.6429023079355043 0.9435075885328836 0.03509326588681631 0.06829679595278246
1 0.6395826746759407 0.8722596964586846 0.032880177047107176 0.07925801011804384
1 0.5012646221941195 0.8625632377740303 0.030667088207398042 0.07588532883642496
1 0.47075561176098646 0.8631956155143339 0.030983243755927918 0.06281618887015177
1 0.4298134682263674 0.8638279932546374 0.03762251027505533 0.0775716694772344
1 0.5695542206765729 0.8180860033726812 0.028137843819159028 0.03836424957841484
1 0.6906417957635157 0.8111298482293423 0.03382864369269681 0.02951096121416526
1 0.6647170407840658 0.8486509274873524 0.03193171040151755 0.03288364249578415
1 0.7070818842870693 0.8149241146711635 0.028137843819159028 0.03962900505902192
1 0.7021814732848563 0.8427487352445193 0.030350932658868165 0.022765598650927487
1 0.6865317736326273 0.8655143338954469 0.03446095478975656 0.026981450252951095
1 0.6800505848877648 0.9293844856661045 0.03477711033828644 0.05607082630691399
1 0.6960164400885236 0.8916526138279932 0.036357888080935825 0.04468802698145025
1 0.7198861840025294 0.9338111298482293 0.039203288017704715 0.05143338954468803
1 0.7417009168510907 0.9093591905564924 0.04932026557066077 0.04468802698145025
1 0.7481821055959532 0.8800590219224282 0.04521024343977237 0.04426644182124789
1 0.7552956054378754 0.8172428330522765 0.0366740436294657 0.03836424957841484
1 0.7445463167878597 0.8427487352445193 0.036041732532405946 0.02951096121416526
1 0.7660448940878913 0.9397133220910624 0.03414479924122669 0.05564924114671163
1 0.7820107492886501 0.8962900505902192 0.028137843819159028 0.048060708263069137
1 0.8065128042997155 0.9357082630691399 0.036041732532405946 0.05185497470489039
1 0.6754663294340816 0.9782883642495783 0.03003477711033829 0.04005059021922428
1 0.7183054062598799 0.9814502529510961 0.023395510591210877 0.03541315345699831
1 0.7709453050901044 0.979131534569983 0.03382864369269681 0.04005059021922428
1 0.8012962377489725 0.9808178752107926 0.018020866266202973 0.03667790893760539
1 0.8117293708504585 0.8648819561551433 0.03446095478975656 0.051011804384485666
1 0.8261144483085678 0.9175801011804384 0.03414479924122669 0.045109612141652614
1 0.8420803035093266 0.9565767284991568 0.03509326588681631 0.046374367622259695
1 0.8435030034777111 0.8494940978077571 0.04046791021182422 0.027824620573355816
1 0.8142586152386975 0.8153456998313658 0.04521024343977237 0.03204047217537943
1 0.854094214353462 0.8908094435075885 0.042048687954473606 0.04974704890387858
1 0.8610496364211192 0.9289629005059021 0.03446095478975656 0.03330522765598651
1 0.0869427758457161 0.25484822934232715 0.008852355358836548 0.00463743676222597
1 0.8719570028454 0.5562816188870151 0.03793866582358521 0.045109612141652614
1 0.9122668352829593 0.5579679595278246 0.03382864369269681 0.04173693086003372
1 0.9264938349668037 0.5185497470489039 0.0312993993044578 0.03625632377740303
1 0.9427758457160924 0.4926222596964587 0.029718621561808413 0.03414839797639123
1 0.9405627568763832 0.4618465430016863 0.017072399620613344 0.031618887015177066
1 0.9675940562756877 0.454468802698145 0.038887132469174836 0.026981450252951095
1 0.9794498893455581 0.4854553119730185 0.03857097692064496 0.04005059021922428
1 0.9939930445779325 0.46479763912310285 0.010116977552956055 0.02487352445193929
1 0.94909895668669 0.5548060708263068 0.0366740436294657 0.043844856661045525
1 0.9668036674043631 0.5248735244519392 0.032880177047107176 0.03541315345699831
1 0.9851406892190959 0.5571247892074199 0.026557066076509643 0.047639123102866776
1 0.9932026557066077 0.5179173693086003 0.012330066392665193 0.025716694772344013
1 0.8809674359785015 0.6637858347386172 0.03446095478975656 0.046795952782462055
1 0.84634840341448 0.6473440134907251 0.03477711033828644 0.04005059021922428
1 0.8504584255453684 0.681070826306914 0.04426177679418274 0.040893760539629
1 0.8877647802718939 0.7051011804384485 0.03477711033828644 0.05522765598650927
1 0.8559911476446412 0.7200674536256323 0.04521024343977237 0.05227655986509275
0 0.0387290546949099 0.8311551433389545 0.0407840657603541 0.03920741989881956
1 0.8096743597850143 0.6947723440134906 0.03730635472652545 0.05227655986509275
1 0.8125197597217831 0.6502951096121417 0.03477711033828644 0.03920741989881956
0 0.06544419854568448 0.8676222596964587 0.03224786595004742 0.04047217537942664
1 0.7816945937401202 0.6854974704890388 0.02118242175150174 0.042158516020236084
0 0.12709453050901046 0.8149241146711635 0.04236484350300348 0.043844856661045525
1 0.7801138159974708 0.6412310286677909 0.026873221625039523 0.047217537942664416
1 0.7496048055643377 0.6814924114671164 0.032880177047107176 0.04426644182124789
1 0.7513436610812521 0.6536677908937605 0.0325640214985773 0.028246205733558176
1 0.75671830540626 0.7274451939291736 0.03762251027505533 0.046795952782462055
1 0.7153019285488461 0.7295531197301854 0.03193171040151755 0.051011804384485666
1 0.7092949731267785 0.6766441821247892 0.03193171040151755 0.048060708263069137
1 0.6773632627252609 0.7299747048903878 0.03003477711033829 0.05016863406408094
1 0.6759405627568764 0.6831787521079258 0.024660132785330385 0.040893760539629
1 0.9876699336073349 0.6779089376053963 0.020866266202971863 0.042158516020236084
1 0.6422699968384445 0.7228077571669477 0.02877015491621878 0.05438448566610455
1 0.6092317420170724 0.7270236087689713 0.02592475497944989 0.045952782462057334
1 0.6449573190009485 0.6667369308600337 0.029718621561808413 0.05016863406408094
1 0.6131836863736959 0.6758010118043845 0.026873221625039523 0.046374367622259695
1 0.664400885235536 0.6287942664418212 0.027505532722099275 0.02487352445193929
1 0.6331014859310782 0.6300590219224282 0.027505532722099275 0.01981450252951096
1 0.5741384761302561 0.7299747048903878 0.029718621561808413 0.03920741989881956
1 0.5749288650015808 0.681070826306914 0.028137843819159028 0.04173693086003372
1 0.5395194435662346 0.6802276559865092 0.02877015491621878 0.046795952782462055
1 0.5390452102434398 0.7274451939291736 0.029718621561808413 0.04932546374367622
1 0.5030034777110338 0.7274451939291736 0.028453999367688904 0.05354131534569983
1 0.5072715776161872 0.6760118043844856 0.028137843819159028 0.046795952782462055
1 0.47122984508378124 0.7204890387858347 0.026873221625039523 0.05311973018549747
1 0.4713879228580462 0.6707419898819561 0.029718621561808413 0.048060708263069137
1 0.43582042364843504 0.7228077571669477 0.03193171040151755 0.051011804384485666
1 0.4383496680366741 0.6734822934232715 0.03003477711033829 0.042580101180438444
1 0.40278216882706297 0.6696880269814502 0.03224786595004742 0.046795952782462055
1 0.39756560227632 0.7215430016863406 0.030667088207398042 0.05016863406408094
1 0.37527663610496365 0.6779089376053963 0.025292443882390138 0.050590219224283306
1 0.36436926968068295 0.7253372681281619 0.028137843819159028 0.043423271500843165
1 0.3392349035725577 0.6728499156829679 0.03414479924122669 0.04974704890387858
1 0.32785330382548217 0.7209106239460371 0.032880177047107176 0.05227655986509275
1 0.30429971546000634 0.675379426644182 0.030667088207398042 0.042158516020236084
1 0.29149541574454635 0.7181703204047217 0.030983243755927918 0.045952782462057334
1 0.294973126778375 0.6475548060708263 0.026557066076509643 0.02445193929173693
1 0.3490357255769839 0.6368043844856661 0.0271893771735694 0.016441821247892074
1 0.25482137211508066 0.7181703204047217 0.032880177047107176 0.04932546374367622
1 0.26240910527979766 0.678752107925801 0.036041732532405946 0.042158516020236084
1 0.21403730635472654 0.7154300168634063 0.04110022130888397 0.05649241146711635
1 0.2195700284539994 0.6747470489038786 0.04331331014859311 0.03920741989881956
1 0.1779955738223206 0.7023608768971332 0.02782168827062915 0.03625632377740303
1 0.13452418589946255 0.7244940978077571 0.04331331014859311 0.047639123102866776
1 0.1417957635156497 0.6836003372681281 0.03951944356623459 0.043423271500843165
1 0.0943724312361682 0.7217537942664418 0.03699019917799558 0.048060708263069137
1 0.10148593107809042 0.6836003372681281 0.0366740436294657 0.040893760539629
1 0.04979449889345559 0.7253372681281619 0.04521024343977237 0.05016863406408094
1 0.05833069870376226 0.6808600337268128 0.04015175466329434 0.03794266441821248
1 0.0135946885867847 0.7221753794266441 0.02592475497944989 0.045531197301854974
1 0.01833702181473285 0.6823355817875211 0.0366740436294657 0.03920741989881956
1 0.00964274423016124 0.6545109612141652 0.01928548846032248 0.02993254637436762
1 0.05105912108757509 0.6557757166947723 0.0325640214985773 0.02487352445193929
1 0.039203288017704715 0.836424957841484 0.03730635472652545 0.05564924114671163
1 0.06607650964274424 0.8682546374367622 0.029718621561808413 0.04173693086003372
1 0.12914954157445463 0.8123946037099493 0.04394562124565286 0.03709949409780776
1 0.1907998735377806 0.8766863406408094 0.038887132469174836 0.047639123102866776
1 0.29449889345558017 0.9553119730185496 0.03699019917799558 0.03456998313659359
1 0.3337021814732849 0.9702782462057336 0.030667088207398042 0.043423271500843165
1 0.37922858046158714 0.9683811129848229 0.030667088207398042 0.043001686340640805
1 0.41874802402782174 0.9407672849915683 0.030667088207398042 0.07040472175379427
1 0.46474865633891876 0.9354974704890388 0.032880177047107176 0.07419898819561552
1 0.4361365791969649 0.8117622259696459 0.03193171040151755 0.03836424957841484
1 0.5279797660448942 0.8800590219224282 0.0366740436294657 0.06365935919055649
1 0.5080619664875119 0.9390809443507588 0.030983243755927918 0.06703204047217537
1 0.569396142902308 0.8766863406408094 0.03540942143534619 0.07377740303541315
1 0.6011697755295606 0.865725126475548 0.03825482137211508 0.07546374367622259
1 0.6498577300031616 0.820193929173693 0.02877015491621878 0.03499156829679595
1 0.6221941195067974 0.8134485666104553 0.025292443882390138 0.030775716694772342
1 0.8853936136579198 0.8602445193929174 0.033196332595637056 0.04932546374367622
1 0.9046791021182422 0.8233558178752107 0.03762251027505533 0.03541315345699831
1 0.9472020233955106 0.8279932546374367 0.03857097692064496 0.03456998313659359
1 0.9862472336389504 0.827150084317032 0.02497628833386026 0.03541315345699831
1 0.9712298450837813 0.8585581787521078 0.03477711033828644 0.02993254637436762
1 0.9264938349668037 0.8716273187183811 0.0407840657603541 0.05016863406408094
1 0.9089472020233956 0.9167369308600337 0.03857097692064496 0.05438448566610455
1 0.9451470123300665 0.9411888701517707 0.02497628833386026 0.047639123102866776
1 0.8940878912424913 0.9551011804384485 0.04679102118242175 0.031618887015177066
1 0.959057856465381 0.8952360876897133 0.027505532722099275 0.0484822934232715
1 0.982295289282327 0.9371838111298482 0.03161555485298767 0.04468802698145025
0 0.10116977552956055 0.27171163575042157 0.03540942143534619 0.013069139966273187
0 0.2848561492254189 0.2744519392917369 0.03161555485298767 0.01517706576728499
0 0.4870376225102751 0.2738195615514334 0.03762251027505533 0.01475548060708263
0 0.6843186847929181 0.2727655986509275 0.04394562124565286 0.014333895446880268
0 0.9211191906417958 0.27171163575042157 0.03382864369269681 0.013069139966273187
0 0.9249130572241544 0.4262225969645868 0.03446095478975656 0.01517706576728499
0 0.5025292443882391 0.42664418212478916 0.03951944356623459 0.017706576728499155
0 0.11049636421119191 0.4295952782462057 0.03509326588681631 0.0193929173693086
0 0.11270945305090105 0.6070826306913997 0.04015175466329434 0.023608768971332208
0 0.633417641479608 0.6024451939291736 0.04268099905153336 0.021079258010118042
0 0.9366108125197598 0.6053962900505901 0.036357888080935825 0.022765598650927487
0 0.9498893455580146 0.7883642495784148 0.03572557698387607 0.021922428330522763
0 0.4911476446411635 0.7875210792580101 0.03951944356623459 0.022765598650927487
0 0.41463800189693334 0.7799325463743676 0.03762251027505533 0.017706576728499155
0 0.21735693961429026 0.7820404721753794 0.04141637685741385 0.0193929173693086
0 0.0 0.5649241146711635 0.0 0.0
