1 0.9202999166898085 0.9467416473701622 0.08442099416828659 0.1038703274892491
1 0.824770896973063 0.983460138934833 0.0816439877811719 0.03241812768772743
1 0.8307414607053597 0.9310287793582535 0.0896973063038045 0.06715183592457824
1 0.8292141071924466 0.7700959311941781 0.06109414051652319 0.08468408865365532
1 0.8589280755345737 0.8316242143565995 0.02943626770341572 0.026463777704267284
1 0.7757567342404887 0.7522328812437976 0.041932796445431825 0.0740985775719484
1 0.7367397945015274 0.754052265960966 0.02665926131630103 0.07575256367846511
1 0.7942238267148015 0.8395633476678797 0.05998333796167731 0.04697320542507443
1 0.7472924187725632 0.825339067151836 0.024437656206609277 0.056235527621567985
1 0.7093862815884477 0.9778365861726762 0.08803110247153569 0.04300363876943434
1 0.6806442654818107 0.9335097585180285 0.08553179672313246 0.04300363876943434
1 0.6728686475978896 0.8630499503804169 0.08886420438767009 0.09460800529275555
1 0.6169119688975285 0.983460138934833 0.08025548458761456 0.03175653324512075
1 0.551791169119689 0.9788289778365863 0.04609830602610386 0.041680449884220976
1 0.6016384337683977 0.9374793251736686 0.053596223271313526 0.05425074429374794
1 0.5388780894196057 0.9220972543830632 0.04082199389058595 0.05590473040026464
1 0.5751180227714524 0.8565994045650017 0.06331574562621495 0.06715183592457824
1 0.6180227714523744 0.8686735031425736 0.01416273257428492 0.04300363876943434
1 0.5212440988614274 0.8633807476017202 0.021660649819494587 0.03374131657294079
1 0.6520410996945293 0.7868011908699968 0.06831435712302139 0.05127356930201787
1 0.6271868925298528 0.7282500826993054 0.062482643710080533 0.057889513728084686
1 0.5680366564843099 0.7606682103870328 0.049153013051930025 0.0724445914654317
1 0.5173562899194668 0.7949057227919286 0.030547070258261595 0.06880582203109495
1 0.5199944459872258 0.7393317896129673 0.04137739516800889 0.03638769434336752
1 0.5806720355456818 0.8092954019186239 0.05498472646487087 0.01819384717168376
1 0.42029991668980843 0.7307310618590804 0.051374618161621775 0.0443268276546477
1 0.4361288530963621 0.7914323519682436 0.0780338794779228 0.06384386371154482
1 0.3507359066925854 0.7601720145550778 0.0583171341294085 0.03572609990076084
1 0.2879755623437934 0.7528944756864043 0.05165231880033325 0.034402911015547474
1 0.28547625659539017 0.8111147866357923 0.06664815329075258 0.0628514720476348
1 0.32935295751180227 0.8718160767449554 0.07720077756178839 0.07442937479325175
1 0.3605942793668426 0.8071452199801522 0.05748403221327409 0.04895798875289448
1 0.42682588169952795 0.8496526629176315 0.05998333796167731 0.04201124710552431
1 0.4008608719800056 0.9245782335428383 0.0969175229103027 0.09196162752232882
1 0.26895306859205775 0.8898445253059875 0.03360177728408775 0.08336089976844195
1 0.29339072479866707 0.9677472709229243 0.07747847820049987 0.061197485941118096
1 0.3894751457928353 0.9900760833608998 0.06581505137461817 0.019186238835593783
1 0.4629269647320189 0.980979159775058 0.06498194945848376 0.03407211379424413
1 0.21618994723687865 0.9852795236520014 0.02360455429047487 0.02547138604035726
1 0.18633712857539572 0.9760172014555079 0.029991668980838656 0.043996030433344366
1 0.4713968342127187 0.9229242474363216 0.03915579005831714 0.06946741647370162
1 0.21410719244654264 0.9273900099239167 0.02943626770341572 0.04134965266291763
1 0.125520688697584 0.9176314918954681 0.022216051096917523 0.02183261660602051
1 0.09997222993612886 0.9361561362884553 0.024437656206609277 0.023817399933840556
1 0.22479866703693419 0.29341713529606356 0.04026659261316301 0.059543499834601395
1 0.16814773673979452 0.3049950380416805 0.05526242710358234 0.04895798875289448
1 0.08816995279089142 0.29341713529606356 0.07581227436823106 0.05755871650678135
1 0.2034157178561511 0.3666887198147536 0.07414607053596224 0.06384386371154482
1 0.12607608997500694 0.36619252398279856 0.07497917245209665 0.06483625537545486
1 0.0506803665648431 0.3479986768111148 0.05970563732296585 0.07343698312934172
1 0.19938905859483477 0.43367515712868016 0.07664537628436546 0.06814422758848826
1 0.11857817272979729 0.4328481640754218 0.07220216606498195 0.05524313595765796
1 0.0462371563454596 0.426232219649355 0.06359344626492641 0.0724445914654317
1 0.2048042210497084 0.5028117763810784 0.07136906414884754 0.05755871650678135
1 0.11149680644265482 0.5082699305325835 0.07414607053596224 0.08104531921931857
1 0.03665648430991392 0.5061197485941118 0.06442654818106082 0.07476017201455508
1 0.17800610941405165 0.5812107178299702 0.07664537628436546 0.08203771088322859
1 0.09483476811996668 0.5886536553092955 0.07692307692307693 0.06715183592457824
1 0.028742016106637045 0.5749255706252068 0.05526242710358234 0.052265960965927886
1 0.18286587059150236 0.6536553092954019 0.07081366287142461 0.052265960965927886
1 0.10788669813940573 0.6524975190208403 0.06692585392946404 0.04598081376116441
1 0.0345737295195779 0.6472047634799868 0.06525965009719523 0.05656632484287132
1 0.2931130241599556 0.3200463116109825 0.06970286031657873 0.05524313595765796
1 0.37586781449597334 0.31988091300033084 0.08469869480699806 0.05755871650678135
1 0.4630658150513746 0.3251736685411843 0.0735906692585393 0.04697320542507443
1 0.43043599000277705 0.2777042672841548 0.06886975840044432 0.020178630499503806
1 0.3597611774507082 0.27472709229242476 0.05803943349069703 0.020178630499503806
1 0.5045820605387392 0.2788620575587165 0.05998333796167731 0.022494211048627193
1 0.5394334906970286 0.3076414158121072 0.05803943349069703 0.05425074429374794
1 0.6139961121910581 0.3038372477671188 0.07497917245209665 0.04465762487595105
1 0.6868925298528187 0.3076414158121072 0.06692585392946404 0.041680449884220976
1 0.6466259372396557 0.3630499503804168 0.06692585392946404 0.06516705259675819
1 0.576923076923077 0.36503473370823686 0.04748680921966121 0.05855110817069137
1 0.513051930019439 0.3774396295071122 0.06970286031657873 0.06814422758848826
1 0.4339072479866704 0.3805822031094939 0.06692585392946404 0.05325835262983791
1 0.37017495140238826 0.38273238504796564 0.05165231880033325 0.059543499834601395
1 0.3008886420438767 0.38537876281839234 0.07581227436823106 0.06086668871981476
1 0.7024437656206609 0.4166391002315581 0.06970286031657873 0.06384386371154482
1 0.6270480422104971 0.43152497519020844 0.08497639544570953 0.05524313595765796
1 0.5456817550680367 0.43384055573933183 0.06498194945848376 0.06582864703936488
1 0.47153568453207445 0.44442606682103875 0.08108858650374896 0.06384386371154482
1 0.4000277700638712 0.43863711544823025 0.05803943349069703 0.06086668871981476
1 0.3387947792279922 0.44922262652993716 0.06442654818106082 0.0628514720476348
1 0.27895029158567064 0.46212371816076747 0.05526242710358234 0.05425074429374794
1 0.7198000555401278 0.4809791597750579 0.07775617883921133 0.06483625537545486
1 0.6470424881977229 0.5072775388686735 0.06442654818106082 0.05127356930201787
1 0.5859483476811997 0.4945418458484949 0.06886975840044432 0.06218987760502812
1 0.5116634268258817 0.5082699305325835 0.06692585392946404 0.07442937479325175
1 0.4384893085254096 0.5183592457823355 0.06886975840044432 0.05425074429374794
1 0.3633712857539573 0.511081706913662 0.07581227436823106 0.06483625537545486
1 0.2924187725631769 0.5269599735362224 0.060538739239100255 0.06086668871981476
1 0.7261871702304916 0.552762156797883 0.08830880311024716 0.07343698312934172
1 0.6413496251041377 0.5717829970228251 0.07247986670369343 0.06913661925239828
1 0.5598444876423216 0.5701290109163083 0.08331019161344072 0.0684750248097916
1 0.48167175784504307 0.5817069136619253 0.06525965009719523 0.06318226926893815
1 0.41210774784782006 0.5812107178299702 0.0672035545681755 0.06218987760502812
1 0.34171063593446266 0.5863380747601721 0.06303804498750347 0.06979821369500497
1 0.2702027214662594 0.5826993053258352 0.07053596223271313 0.05921270261329805
1 0.7339627881144127 0.6359576579556732 0.08775340183282422 0.08567648031756533
1 0.6514856984171064 0.6443929870989085 0.07053596223271313 0.07674495534237513
1 0.579561232990836 0.6447237843202117 0.07053596223271313 0.07277538868673504
1 0.5118022771452374 0.6463777704267285 0.0583171341294085 0.0740985775719484
1 0.4416828658705915 0.655640092623222 0.07914468203276868 0.07343698312934172
1 0.36642599277978344 0.6467085676480318 0.06859205776173286 0.06218987760502812
1 0.27908914190502637 0.6496857426397619 0.08997500694251598 0.06483625537545486
1 0.890724798667037 0.28217002977174993 0.07192446542627048 0.026463777704267284
1 0.8233823937795057 0.28084684088653655 0.06609275201332963 0.023817399933840556
1 0.7575673424048875 0.2940787297386702 0.05998333796167731 0.05292755540853457
1 0.9719522354901416 0.313264968574264 0.05165231880033325 0.06086668871981476
1 0.9763954457095252 0.37082368508104535 0.04609830602610386 0.04631161098246775
1 0.9841710635934463 0.43268276546477014 0.02832546514856984 0.07079060535891499
1 0.9930574840322133 0.5076083360899769 0.010552624271035824 0.07112140258021833
1 0.903221327409053 0.31061859080383725 0.0735906692585393 0.059543499834601395
1 0.8183837822826993 0.3264968574263976 0.05498472646487087 0.05425074429374794
1 0.767842266037212 0.3582533906715184 0.061649541793946126 0.06086668871981476
1 0.8998889197445155 0.37016209063843863 0.08580949736184394 0.0555739331789613
1 0.8378228269925021 0.3913331128018525 0.05054151624548737 0.07145219980152168
1 0.7800610941405166 0.42573602381739994 0.06609275201332963 0.07145219980152168
1 0.9283532352124411 0.43135957657955676 0.07553457372951958 0.06152828316242144
1 0.8610108303249098 0.4758518028448561 0.054707025826159404 0.08038372477671188
1 0.798667036934185 0.49437644723784324 0.07331296861982783 0.07112140258021833
1 0.9300194390447099 0.49933840555739334 0.09552901971674535 0.07045980813761164
1 0.9452929741738406 0.5659940456500165 0.08719800055540128 0.06020509427720808
1 0.8679533462926965 0.5587165067813431 0.06970286031657873 0.07211379424412835
1 0.7978339350180506 0.5646708567648032 0.06387114690363788 0.0668210387032749
1 0.9741738405998335 0.6366192523982799 0.04609830602610386 0.0797221303341052
1 0.907942238267148 0.6361230565663248 0.07581227436823106 0.06946741647370162
1 0.8278256039988893 0.6387694343367516 0.07608997500694252 0.0774065497849818
1 0.18772563176895307 0.12917631491895468 0.07053596223271313 0.03473370823685081
1 0.1439877811718967 0.09907376778035065 0.031380172174396 0.03473370823685081
1 0.07553457372951958 0.12421435659940458 0.09552901971674535 0.05524313595765796
1 0.012496528742016108 0.143069798213695 0.024993057484032216 0.04002646377770427
1 0.18078311580116635 0.09642739000992392 0.03443487920022216 0.03010254713860404
1 0.21202443765620663 0.10568971220641747 0.022493751735628995 0.028117763810783993
1 0.21424604276589837 0.07327158451869005 0.0269369619550125 0.03010254713860404
1 0.1966120522077201 0.048296394310287795 0.06109414051652319 0.05094277208071452
1 0.18078311580116635 0.03126033741316573 0.05331852263260206 0.039364869335097585
1 0.22091085809497363 0.011247105524313596 0.022493751735628995 0.020509427720807147
1 0.14954179394612607 0.028448561032087333 0.037489586226048324 0.02117102216341383
1 0.1467647875590114 0.06169368177307311 0.03471257983893363 0.03076414158121072
1 0.11566231602332686 0.07442937479325175 0.03304637600666482 0.023817399933840556
1 0.09525131907803389 0.08518028448561032 0.04165509580672036 0.028117763810783993
1 0.05678978061649542 0.09212702613298049 0.030824770896973063 0.04598081376116441
1 0.029019716745348517 0.07773734700628515 0.04470980283254652 0.0668210387032749
1 0.014301582893640656 0.05309295401918624 0.021382949180783116 0.03738008600727754
1 0.04748680921966121 0.0342375124048958 0.0583171341294085 0.043996030433344366
1 0.10386003887808942 0.0415150512735693 0.04998611496806443 0.02547138604035726
1 0.3957234101638434 0.02762156797882898 0.11274645931685644 0.053919947072444595
1 0.3671202443765621 0.05425074429374794 0.12607608997500694 0.0443268276546477
1 0.2925576228825326 0.017201455507773737 0.0808108858650375 0.034402911015547474
1 0.2851985559566787 0.047800198478332785 0.07553457372951958 0.05325835262983791
1 0.2718689252985282 0.0869996692027787 0.048875312413218554 0.08468408865365532
1 0.3193557345181894 0.0982467747270923 0.044432102193835046 0.0370492887859742
1 0.31741183004720913 0.14025802183261663 0.03776728686475979 0.052265960965927886
1 0.2581227436823105 0.14687396625868343 0.051374618161621775 0.059543499834601395
1 0.3565676201055263 0.11594442606682105 0.07053596223271313 0.09493880251405888
1 0.46792557622882536 0.059543499834601395 0.029991668980838656 0.05425074429374794
1 0.4269647320188837 0.08021832616606021 0.10247153568453209 0.03804168044988422
1 0.4782004998611497 0.10783989414488919 0.08775340183282422 0.04763479986768111
1 0.3893362954734796 0.14786635792259345 0.08775340183282422 0.05888190539199471
1 0.4680644265481811 0.16209063843863714 0.02415995556789781 0.03903407211379425
1 0.7660372118855874 0.09345021501819385 0.4662593723965565 0.1869004300363877
0 0.04040544293251875 0.22593450215018196 0.07858928075534574 0.05491233873635462
0 0.2743682310469314 0.23453522990406883 0.08219938905859484 0.037710883228580884
0 0.5655373507359067 0.2335428382401588 0.08747570119411276 0.037710883228580884
0 0.05123576784226604 0.712371816076745 0.07747847820049987 0.028117763810783993
0 0.35365176339905585 0.7156797882897784 0.07858928075534574 0.0387032748924909
0 0.8778117189669536 0.7082368508104533 0.08331019161344072 0.025802183261660602
0 0.07234101638433768 0.9788289778365863 0.09302971396834213 0.04035726099900761
