0 0.2658579732120293 0.3392857142857143 0.026282537275713922 0.01886792452830189
0 0.3147586555471316 0.3404649595687332 0.026535253980288095 0.01785714285714286
0 0.42153146322971946 0.3414757412398922 0.041950972959312605 0.021900269541778976
0 0.6157442506949709 0.33995956873315364 0.029567854435178162 0.022237196765498655
0 0.7192317412180944 0.3404649595687332 0.02577710386656558 0.01853099730458221
0 0.8860247662370482 0.3411388140161725 0.02476623704826889 0.01853099730458221
0 0.2702805155420773 0.5353773584905661 0.026535253980288095 0.01886792452830189
0 0.47207480414455394 0.5330188679245284 0.04043467273186757 0.01954177897574124
0 0.6166287591609805 0.5335242587601079 0.02577710386656558 0.01785714285714286
0 0.7602982057113975 0.5348719676549866 0.02805155420773313 0.019204851752021565
0 0.4100328531715946 0.731300539083558 0.04220368966388678 0.01785714285714286
0 0.6122062168309325 0.7280997304582211 0.025524387161991405 0.020215633423180595
0 0.08276472074804143 0.9759097035040432 0.03462218852666161 0.025943396226415096
0 0.24273439474349254 0.9745619946091645 0.035127621935809955 0.025943396226415096
0 0.4265857973212029 0.9759097035040432 0.029820571139752335 0.023247978436657685
0 0.5329795299469294 0.9747304582210243 0.03032600454890068 0.022911051212938006
0 0.6161233257518322 0.9720350404312669 0.04953247409653778 0.02628032345013477
0 0.813874147081122 0.9737196765498652 0.033105888299216575 0.022911051212938006
0 0.9564063684609552 0.9737196765498652 0.037149355572403335 0.0215633423180593
1 0.054207733131159966 0.913578167115903 0.08466009603234773 0.10006738544474394
1 0.1360879454131918 0.9065026954177898 0.07707859489512256 0.11152291105121294
1 0.06065200909780136 0.8226078167115903 0.07429871114480667 0.08861185983827494
1 0.07038160222390699 0.7442722371967655 0.056861258529188774 0.06671159029649595
1 0.134950720242608 0.7715633423180593 0.07177154409906494 0.10175202156334233
1 0.20596411422795044 0.7762803234501348 0.06873894364417488 0.0963611859838275
1 0.18498862774829414 0.8450134770889488 0.03891837250442254 0.05727762803234502
1 0.18776851149861004 0.908355795148248 0.027293404094010612 0.06671159029649595
1 0.13229719484457922 0.8379380053908356 0.0639373262572656 0.028975741239892185
1 0.09173616376042455 0.6848045822102427 0.056608541824614604 0.052223719676549867
1 0.09299974728329542 0.6379716981132075 0.054586808188021224 0.053571428571428575
1 0.10310841546626232 0.5869272237196765 0.04902704068738943 0.04043126684636119
1 0.1406368460955269 0.6113544474393532 0.03361132170836492 0.079177897574124
1 0.14164771291382358 0.682277628032345 0.037149355572403335 0.05525606469002696
1 0.18776851149861004 0.5970350404312669 0.06419004296183978 0.0633423180592992
1 0.1916856204195097 0.6763814016172507 0.05736669193833712 0.07648247978436658
1 0.25878190548395247 0.6492587601078168 0.07227697750821328 0.14420485175202158
1 0.3080616628759161 0.6713274932614556 0.045994440232499365 0.19171159029649595
1 0.35936315390447304 0.6580188679245284 0.052565074551427844 0.15902964959568733
1 0.2546120798584786 0.7870619946091645 0.026535253980288095 0.04245283018867925
1 0.3060399292393227 0.8003706199460917 0.04043467273186757 0.054245283018867926
1 0.3538033864038413 0.8119946091644206 0.04346727318675764 0.06199460916442049
1 0.2715440990649482 0.8352425876010782 0.05382865807429871 0.04447439353099731
1 0.32284559009350516 0.8512466307277629 0.02704068738943644 0.044811320754716985
1 0.3487490523123578 0.881233153638814 0.039423805913570885 0.06772237196765499
1 0.3527925195855446 0.9324460916442049 0.028809704321455645 0.03537735849056604
1 0.3170331058882992 0.9248652291105122 0.03613848875410664 0.04919137466307278
1 0.29542582764720743 0.886455525606469 0.03386403841293909 0.05997304582210243
1 0.2548647965630528 0.8874663072776281 0.04877432398281526 0.06132075471698113
1 0.278620166793025 0.9263814016172507 0.03917108920899671 0.043463611859838276
1 0.23553196866312862 0.9255390835579516 0.03891837250442254 0.04514824797843666
1 0.36100581248420516 0.7649932614555256 0.04220368966388678 0.027964959568733155
1 0.38867829163507706 0.7954851752021563 0.029820571139752335 0.04649595687331537
1 0.4162244124336618 0.7932951482479785 0.025271670457417232 0.034029649595687335
1 0.45059388425574926 0.769878706199461 0.021228203184230476 0.03975741239892183
1 0.44162244124336614 0.7983490566037736 0.021986353297952992 0.027964959568733155
1 0.46461966135961585 0.8062668463611861 0.02047005307050796 0.02830188679245283
1 0.47169572908769264 0.7857142857142858 0.019964619661359616 0.02425876010781671
1 0.4944402324993682 0.7745956873315364 0.019964619661359616 0.02762803234501348
1 0.5152893606267374 0.7703840970350405 0.021228203184230476 0.0272911051212938
1 0.5363912054586808 0.7757749326145553 0.017437452615617893 0.023247978436657685
1 0.508845084660096 0.742756064690027 0.017942886024766236 0.02863881401617251
1 0.5504169825625473 0.7998652291105122 0.019711902956785442 0.02425876010781671
1 0.5248925954005559 0.7976752021563343 0.01819560272934041 0.02257412398921833
1 0.5079605761940864 0.7961590296495957 0.014152135456153651 0.02425876010781671
1 0.4911549153399039 0.8045822102425877 0.017437452615617893 0.022911051212938006
1 0.5310841546626232 0.8247978436657682 0.017942886024766236 0.02628032345013477
1 0.5138994187515794 0.8244609164420486 0.014404852160727823 0.02762803234501348
1 0.49810462471569367 0.8279986522911051 0.01617386909274703 0.021226415094339625
1 0.4796563052817791 0.8234501347708896 0.017690169320192062 0.024932614555256066
1 0.4492039423805913 0.8315363881401617 0.02148091988880465 0.02425876010781671
1 0.4248167803891837 0.8247978436657682 0.019206469547637096 0.02628032345013477
1 0.40181956027293403 0.8241239892183289 0.023249936820823856 0.02762803234501348
1 0.39423805913570886 0.8578167115902965 0.01819560272934041 0.03369272237196766
1 0.41710892089967144 0.8566374663072777 0.018953752843062926 0.03335579514824798
1 0.44149608289107906 0.8613544474393532 0.02577710386656558 0.023921832884097036
1 0.4673995451099317 0.8517520215633424 0.02249178670710134 0.03504043126684636
1 0.5080869345463734 0.8495619946091645 0.017437452615617893 0.02055256064690027
1 0.5284306292645944 0.851078167115903 0.020722769775082132 0.022237196765498655
1 0.395880717715441 0.8884770889487871 0.01844831943391458 0.024932614555256066
1 0.413570887035633 0.8903301886792453 0.015921152388172856 0.025943396226415096
1 0.4339145817538539 0.8921832884097035 0.020722769775082132 0.02964959568733154
1 0.4583017437452615 0.890667115902965 0.024513520343694715 0.02863881401617251
1 0.48104624715693706 0.883423180592992 0.019964619661359616 0.01752021563342318
1 0.500126358352287 0.8785377358490567 0.01516300227445034 0.02526954177897574
1 0.5181956027293404 0.8785377358490567 0.016932019206469546 0.02459568733153639
1 0.5360121304018195 0.8746630727762804 0.01617386909274703 0.01886792452830189
1 0.5350012635835228 0.8974056603773586 0.02173363659337882 0.023247978436657685
1 0.5160475107404598 0.9048180592991915 0.01819560272934041 0.02257412398921833
1 0.5362648471063937 0.9235175202156335 0.019711902956785442 0.022911051212938006
1 0.49823098306798075 0.9075134770889488 0.014910285569876168 0.021226415094339625
1 0.48079353045236284 0.9046495956873316 0.016932019206469546 0.018194070080862535
1 0.5126358352287086 0.932277628032345 0.026535253980288095 0.022237196765498655
1 0.4878695981804397 0.930256064690027 0.01844831943391458 0.02762803234501348
1 0.4695476370988122 0.9309299191374664 0.015668435683598686 0.03234501347708895
1 0.44806671721000757 0.9221698113207548 0.02476623704826889 0.024932614555256066
1 0.39727065959059893 0.9209905660377359 0.019711902956785442 0.038746630727762806
1 0.420899671468284 0.9258760107816713 0.025524387161991405 0.0330188679245283
1 0.7282031842304776 0.797001347708895 0.027546120798584785 0.07446091644204852
1 0.7016679302501895 0.7880727762803235 0.02906242102602982 0.0660377358490566
1 0.6779125600202173 0.7809973045822103 0.031084154662623195 0.07614555256064691
1 0.6585797321202931 0.7681940700808626 0.04043467273186757 0.0532345013477089
1 0.6333080616628759 0.7692048517520216 0.030831437958049025 0.05997304582210243
1 0.6130907252969421 0.7724056603773586 0.039423805913570885 0.06704851752021564
1 0.5782158200657063 0.7601078167115903 0.024260803639120546 0.0431266846361186
1 0.5582512004043467 0.7700471698113208 0.027798837503158955 0.046832884097035045
1 0.5740459944402324 0.8032345013477089 0.02148091988880465 0.03571428571428572
1 0.6023502653525398 0.8025606469002696 0.03007328784432651 0.04716981132075472
1 0.6272428607530958 0.8136792452830189 0.014152135456153651 0.012129380053908356
1 0.568991660348749 0.8475404312668464 0.020975486479656302 0.050876010781671165
1 0.5922415971695728 0.8409703504043127 0.02249178670710134 0.04110512129380054
1 0.6175132676269901 0.8443396226415095 0.021986353297952992 0.02762803234501348
1 0.6460702552438715 0.8446765498652291 0.028556987616881472 0.05121293800539084
1 0.6693201920646954 0.8288409703504044 0.02602982057113975 0.05121293800539084
1 0.6933282789992418 0.836590296495957 0.017942886024766236 0.03436657681940701
1 0.7192317412180944 0.8515835579514826 0.028809704321455645 0.052897574123989224
1 0.7193580995703815 0.9007749326145553 0.021986353297952992 0.0373989218328841
1 0.6977508213292898 0.8753369272237197 0.017690169320192062 0.03369272237196766
1 0.676017184735911 0.8694407008086253 0.02274450341167551 0.0272911051212938
1 0.6547889815516805 0.8802223719676551 0.01516300227445034 0.01785714285714286
1 0.6278746525145311 0.881233153638814 0.035127621935809955 0.039420485175202157
1 0.5988122314885014 0.8856132075471699 0.016932019206469546 0.040094339622641514
1 0.5804902704068738 0.8822439353099731 0.015668435683598686 0.02459568733153639
1 0.5687389436441749 0.8945417789757413 0.015415718979024513 0.024932614555256066
1 0.6244629770027799 0.9022911051212938 0.02678797068486227 0.02358490566037736
1 0.652514531210513 0.9051549865229112 0.01718473591104372 0.025943396226415096
1 0.6739954510993176 0.9024595687331537 0.021228203184230476 0.031334231805929924
1 0.7124083901945918 0.9270552560646901 0.027798837503158955 0.017183288409703505
1 0.6882739449077584 0.929245283018868 0.023502653525398026 0.02762803234501348
1 0.6626231993934798 0.9300876010781671 0.022239070002527166 0.02526954177897574
1 0.6391205458680819 0.9273921832884098 0.02274450341167551 0.025943396226415096
1 0.6143543088198129 0.9223382749326146 0.0237553702299722 0.02931266846361186
1 0.5905989385898407 0.9257075471698114 0.019206469547637096 0.042789757412398925
1 0.5720242608036391 0.922001347708895 0.017942886024766236 0.027964959568733155
1 0.8535506696992671 0.7565700808625337 0.08162749557745766 0.07378706199460917
1 0.7781147333838766 0.7774595687331537 0.08188021228203184 0.1007412398921833
1 0.860753095779631 0.7890835579514826 0.08390194591862521 0.06401617250673855
1 0.8526661612332574 0.804245283018868 0.07025524387161991 0.05390835579514825
1 0.8584786454384634 0.8300202156334232 0.07530957796310335 0.036051212938005395
1 0.7717968157695223 0.8153638814016173 0.07227697750821328 0.07681940700808626
1 0.8516552944149608 0.8492250673854448 0.06722264341672984 0.034029649595687335
1 0.8526661612332574 0.8726415094339623 0.04245640636846095 0.03032345013477089
1 0.8508971443012382 0.8911725067385445 0.07025524387161991 0.030997304582210245
1 0.8473591104371998 0.918800539083558 0.056608541824614604 0.030997304582210245
1 0.787465251453121 0.8711253369272237 0.06924437705332322 0.02931266846361186
1 0.7776092999747283 0.8493935309973046 0.054586808188021224 0.03638814016172507
1 0.7835481425322213 0.9137466307277629 0.07151882739449077 0.04380053908355795
1 0.950341167551175 0.7931266846361187 0.06646449330300733 0.06401617250673855
1 0.9460449835734142 0.7491576819407009 0.04270912307303512 0.019204851752021565
1 0.9714430123831185 0.8532681940700809 0.057113975233762944 0.031334231805929924
1 0.9644933030073287 0.9140835579514826 0.06899166034874904 0.0862533692722372
1 0.9070002527167045 0.9199797843665769 0.05104877432398281 0.06300539083557952
1 0.912054586808188 0.6559973045822103 0.08188021228203184 0.14824797843665768
1 0.9716957290876926 0.6538072776280324 0.05307050796057619 0.1566711590296496
1 0.8479909021986353 0.695923180592992 0.02805155420773313 0.040768194070080865
1 0.8185494061157442 0.6984501347708896 0.028304270912307302 0.04043126684636119
1 0.7882234015668435 0.7060309973045823 0.029315137730603992 0.02863881401617251
1 0.756760171847359 0.6996293800539084 0.02906242102602982 0.038746630727762806
1 0.7236542835481424 0.7006401617250674 0.02805155420773313 0.040094339622641514
1 0.7840535759413697 0.6713274932614556 0.028556987616881472 0.040094339622641514
1 0.8066717210007581 0.659366576819407 0.023249936820823856 0.03706199460916442
1 0.8321961081627495 0.6568396226415095 0.02476623704826889 0.039420485175202157
1 0.7534748546878948 0.6600404312668464 0.024008086934546372 0.0330188679245283
1 0.7227697750821329 0.659366576819407 0.02678797068486227 0.03571428571428572
1 0.7849380844073792 0.633423180592992 0.020722769775082132 0.024932614555256066
1 0.8061662875916097 0.6241576819407009 0.019711902956785442 0.027964959568733155
1 0.8362395754359363 0.6172506738544474 0.027293404094010612 0.03504043126684636
1 0.8132423553196866 0.5881064690026955 0.02678797068486227 0.032008086253369275
1 0.7836745008845084 0.5950134770889488 0.021228203184230476 0.03032345013477089
1 0.7565074551427848 0.6110175202156335 0.03158958807177154 0.041442048517520216
1 0.7239070002527166 0.6189353099730459 0.027546120798584785 0.03436657681940701
1 0.7594136972453879 0.5769878706199462 0.028809704321455645 0.030660377358490566
1 0.7275713924690421 0.578167115902965 0.028809704321455645 0.03369272237196766
1 0.6847359110437199 0.7016509433962265 0.019964619661359616 0.02459568733153639
1 0.6624968410411928 0.703167115902965 0.018953752843062926 0.024932614555256066
1 0.6400050543340914 0.7016509433962265 0.01844831943391458 0.025943396226415096
1 0.6132170836492291 0.7003032345013478 0.02047005307050796 0.02257412398921833
1 0.5874399797826636 0.6977762803234502 0.021986353297952992 0.026954177897574125
1 0.5636846095526914 0.6984501347708896 0.019964619661359616 0.026954177897574125
1 0.6843568359868587 0.6726752021563343 0.021228203184230476 0.02863881401617251
1 0.6522618145059388 0.6757075471698114 0.023249936820823856 0.036051212938005395
1 0.6235784685367702 0.6757075471698114 0.020975486479656302 0.02863881401617251
1 0.6018448319433914 0.6699797843665769 0.016932019206469546 0.025943396226415096
1 0.5818802122820318 0.6682951482479784 0.017437452615617893 0.02526954177897574
1 0.5605256507455142 0.6701482479784366 0.020722769775082132 0.022911051212938006
1 0.6838514025777104 0.643699460916442 0.01617386909274703 0.021900269541778976
1 0.6575688653019964 0.6361185983827493 0.017690169320192062 0.0215633423180593
1 0.6355825120040434 0.6431940700808626 0.019206469547637096 0.03032345013477089
1 0.6139752337629517 0.6433625336927224 0.016426585797321203 0.025943396226415096
1 0.5965377811473338 0.6425202156334232 0.017437452615617893 0.024932614555256066
1 0.5652009097801364 0.6463948787061995 0.02047005307050796 0.027964959568733155
1 0.6762699014404852 0.6192722371967655 0.01617386909274703 0.018194070080862535
1 0.6479656305281779 0.6133760107816711 0.01516300227445034 0.01853099730458221
1 0.6298963861511245 0.610512129380054 0.017942886024766236 0.020889487870619946
1 0.6080363912054586 0.6128706199460917 0.020722769775082132 0.02628032345013477
1 0.5863027546120798 0.6187668463611861 0.017690169320192062 0.021900269541778976
1 0.5591357088703562 0.6147237196765499 0.01945918625221127 0.02257412398921833
1 0.5649481930755622 0.5891172506738545 0.022997220116249682 0.025943396226415096
1 0.5840283042709122 0.5936657681940701 0.016679302501895373 0.022911051212938006
1 0.6426585797321203 0.5911388140161725 0.019206469547637096 0.02257412398921833
1 0.6611068991660348 0.5983827493261455 0.014657568865301996 0.022911051212938006
1 0.6839777609299974 0.601078167115903 0.019964619661359616 0.02628032345013477
1 0.5216072782410917 0.6922169811320755 0.030831437958049025 0.04615902964959569
1 0.49203942380591353 0.7004716981132075 0.025271670457417232 0.0330188679245283
1 0.46638867829163505 0.702156334231806 0.023502653525398026 0.026954177897574125
1 0.43467273186757643 0.6986185983827493 0.03234773818549406 0.050876010781671165
1 0.40181956027293403 0.6972708894878706 0.029315137730603992 0.042115902964959574
1 0.5223654283548143 0.6501010781671159 0.028304270912307302 0.03335579514824798
1 0.4916603487490523 0.6590296495956873 0.03007328784432651 0.04110512129380054
1 0.46082891079100324 0.667789757412399 0.028556987616881472 0.03571428571428572
1 0.4302501895375284 0.6509433962264152 0.02906242102602982 0.03908355795148248
1 0.40169320192064695 0.6517857142857143 0.025018953752843062 0.042115902964959574
1 0.5214809198888046 0.6116913746630728 0.029567854435178162 0.038072776280323455
1 0.48913318170331055 0.6127021563342319 0.031084154662623195 0.043463611859838276
1 0.45691180187010355 0.6261792452830189 0.029315137730603992 0.040768194070080865
1 0.4310083396512509 0.6100067385444744 0.025524387161991405 0.036051212938005395
1 0.4048521607278241 0.6128706199460917 0.0237553702299722 0.03032345013477089
1 0.5217336365933788 0.5749663072776281 0.027546120798584785 0.031334231805929924
1 0.4657568865301996 0.5891172506738545 0.03386403841293909 0.038746630727762806
1 0.41319181197877175 0.5798517520215634 0.034874905231235785 0.03975741239892183
1 0.9235531968663128 0.45653638814016173 0.15188273944907757 0.17924528301886794
1 0.7194844579226686 0.4971361185983828 0.032853171594642405 0.03335579514824798
1 0.7509476876421531 0.49831536388140163 0.02704068738943644 0.0316711590296496
1 0.7803891837250442 0.49696765498652296 0.028809704321455645 0.03638814016172507
1 0.8074298711144806 0.5001684636118598 0.0237553702299722 0.02863881401617251
1 0.8309325246398787 0.4973045822102426 0.020217336365933786 0.03234501347708895
1 0.8303007328784432 0.46142183288409705 0.02602982057113975 0.034703504043126686
1 0.8349759919130654 0.42486522911051217 0.022239070002527166 0.030997304582210245
1 0.8131159969673994 0.39235175202156336 0.031084154662623195 0.040768194070080865
1 0.805155420773313 0.430256064690027 0.029315137730603992 0.03032345013477089
1 0.7697750821329289 0.4297506738544475 0.0237553702299722 0.02931266846361186
1 0.7834217841799342 0.39858490566037735 0.02678797068486227 0.04649595687331537
1 0.7524639878695981 0.3948787061994609 0.030578721253474852 0.03840970350404313
1 0.7197371746272428 0.39572102425876016 0.03133687136719737 0.038746630727762806
1 0.7145564821834722 0.43194070080862534 0.022997220116249682 0.030997304582210245
1 0.7418498862774828 0.4300876010781671 0.03007328784432651 0.03335579514824798
1 0.7999747283295425 0.46226415094339623 0.030578721253474852 0.04447439353099731
1 0.7702805155420772 0.4620956873315364 0.028809704321455645 0.038072776280323455
1 0.7438716199140762 0.46597035040431267 0.02906242102602982 0.03975741239892183
1 0.7164518574677785 0.46327493261455527 0.02476623704826889 0.0316711590296496
1 0.6753853929744755 0.4971361185983828 0.025524387161991405 0.043463611859838276
1 0.6545362648471064 0.49359838274932616 0.027798837503158955 0.03369272237196766
1 0.6695729087692696 0.460411051212938 0.022997220116249682 0.025943396226415096
1 0.6733636593378822 0.44373315363881405 0.026535253980288095 0.02425876010781671
1 0.6661612332575183 0.3952156334231806 0.03639120545868082 0.02830188679245283
1 0.6621177659843315 0.41728436657681944 0.03032600454890068 0.02661725067385445
1 0.649734647460197 0.4440700808625337 0.024260803639120546 0.03369272237196766
1 0.6401314126863785 0.46529649595687333 0.029315137730603992 0.02358490566037736
1 0.6240839019459186 0.42840296495956875 0.022997220116249682 0.02661725067385445
1 0.636340662117766 0.39403638814016173 0.01819560272934041 0.02931266846361186
1 0.6149861005812484 0.39403638814016173 0.02148091988880465 0.025943396226415096
1 0.6210513014910285 0.4535040431266847 0.016426585797321203 0.020889487870619946
1 0.615996967399545 0.4868598382749326 0.017437452615617893 0.02425876010781671
1 0.6365933788223401 0.505222371967655 0.018701036138488752 0.0272911051212938
1 0.6194086429112964 0.5101078167115903 0.018701036138488752 0.016172506738544475
1 0.6004548900682335 0.508423180592992 0.013646702047005306 0.0215633423180593
1 0.5849128127369219 0.5112870619946092 0.013393985342431134 0.0158355795148248
1 0.5668435683598685 0.5080862533692723 0.019206469547637096 0.022911051212938006
1 0.5491533990396765 0.5116239892183289 0.013141268637856961 0.0158355795148248
1 0.5481425322213798 0.4902291105121294 0.016679302501895373 0.022911051212938006
1 0.5846600960323477 0.49039757412398927 0.016932019206469546 0.023247978436657685
1 0.5635582512004043 0.4757412398921833 0.022239070002527166 0.02830188679245283
1 0.5490270406873894 0.4511455525606469 0.020975486479656302 0.026954177897574125
1 0.582132928986606 0.46175876010781675 0.016426585797321203 0.023247978436657685
1 0.5981804397270659 0.4769204851752022 0.01718473591104372 0.025943396226415096
1 0.6135961587060904 0.4678234501347709 0.011624968410411928 0.009097035040431268
1 0.6029820571139752 0.4462601078167116 0.017690169320192062 0.025943396226415096
1 0.6046247156937073 0.4220013477088949 0.012383118524134444 0.0158355795148248
1 0.5841546626231994 0.4375 0.015921152388172856 0.02055256064690027
1 0.5681071518827394 0.4375 0.013141268637856961 0.019204851752021565
1 0.5523123578468536 0.4228436657681941 0.019964619661359616 0.02425876010781671
1 0.5520596411422795 0.3963948787061995 0.01844831943391458 0.02257412398921833
1 0.5679807935304523 0.41071428571428575 0.0118776851149861 0.01684636118598383
1 0.5798584786454384 0.41880053908355797 0.013899418751579478 0.011455525606469003
1 0.5974222896133434 0.40380727762803237 0.017690169320192062 0.023247978436657685
1 0.5873136214303765 0.386455525606469 0.016679302501895373 0.02425876010781671
1 0.5782158200657063 0.40010107816711593 0.014152135456153651 0.02055256064690027
1 0.5150366439221632 0.4964622641509434 0.02678797068486227 0.029986522911051215
1 0.488375031589588 0.4941037735849057 0.025018953752843062 0.03537735849056604
1 0.4603234773818549 0.4915768194070081 0.027546120798584785 0.03975741239892183
1 0.432650998230983 0.4929245283018868 0.025271670457417232 0.03773584905660378
1 0.4049785190801112 0.49056603773584906 0.03158958807177154 0.04245283018867925
1 0.5069497093757896 0.46175876010781675 0.034874905231235785 0.040768194070080865
1 0.47283295425827643 0.4509770889487871 0.03234773818549406 0.040094339622641514
1 0.4412433661865049 0.44457547169811323 0.028304270912307302 0.048854447439353105
1 0.5136467020470052 0.4272237196765499 0.030578721253474852 0.03369272237196766
1 0.5098559514783927 0.391677897574124 0.03158958807177154 0.040094339622641514
1 0.4831943391458175 0.41509433962264153 0.02678797068486227 0.0431266846361186
1 0.4518574677786201 0.40347035040431267 0.03234773818549406 0.045485175202156336
1 0.40914834470558503 0.4492924528301887 0.037402072276977505 0.038746630727762806
1 0.40864291129643665 0.42183288409703507 0.03032600454890068 0.01280323450134771
1 0.2518321961081627 0.47978436657681944 0.05130149102855698 0.08355795148247978
1 0.3033864038412939 0.4791105121293801 0.04725802375537023 0.08221024258760108
1 0.3527925195855446 0.4787735849056604 0.04953247409653778 0.08018867924528303
1 0.35367702805155415 0.40380727762803237 0.05332322466515036 0.06367924528301887
1 0.2995956532726813 0.4026280323450135 0.050290624210260294 0.06536388140161725
1 0.25044225423300476 0.40549191374663074 0.043972706595905985 0.060309973045822106
1 0.1417740712661107 0.43648921832884097 0.1551680566085418 0.15936657681940702
1 0.14051048774323982 0.2494946091644205 0.17690169320192065 0.18632075471698115
1 0.34925448572150614 0.30424528301886794 0.05408137477887288 0.04514824797843666
1 0.3555724033358605 0.21479110512129382 0.04346727318675764 0.06502695417789758
1 0.30705079605761937 0.20872641509433965 0.050543340914834464 0.062331536388140166
1 0.2557493050290624 0.21057951482479786 0.04852160727824109 0.05727762803234502
1 0.31374778872883496 0.27206873315363883 0.04523629011877685 0.045485175202156336
1 0.2596664139499621 0.26044474393531 0.058882992165782154 0.03369272237196766
1 0.2608036391205458 0.3017183288409704 0.06065200909780136 0.040768194070080865
1 0.5170583775587566 0.3013814016172507 0.03032600454890068 0.04413746630727763
1 0.48445792266868837 0.30003369272237196 0.030831437958049025 0.046832884097035045
1 0.45173110942633304 0.30727762803234504 0.028556987616881472 0.03840970350404313
1 0.4263330806166287 0.3013814016172507 0.027293404094010612 0.043463611859838276
1 0.4008086934546373 0.3054245283018868 0.030831437958049025 0.042115902964959574
1 0.4010614101592115 0.26431940700808626 0.03032600454890068 0.036725067385444746
1 0.43454637351528935 0.2661725067385445 0.03462218852666161 0.04043126684636119
1 0.4603234773818549 0.248989218328841 0.031084154662623195 0.05525606469002696
1 0.48976497346474596 0.2565700808625337 0.029820571139752335 0.043463611859838276
1 0.5176901693201921 0.2548854447439353 0.029567854435178162 0.042789757412398925
1 0.514783927217589 0.21529649595687333 0.029820571139752335 0.03706199460916442
1 0.48913318170331055 0.22035040431266847 0.023502653525398026 0.026954177897574125
1 0.46436694465504164 0.20451482479784366 0.030578721253474852 0.03032345013477089
1 0.439979782663634 0.2254043126684636 0.029315137730603992 0.03773584905660378
1 0.4095274197624463 0.22590970350404313 0.031084154662623195 0.038072776280323455
1 0.6781652767247914 0.30609838274932616 0.018953752843062926 0.023921832884097036
1 0.6550416982562547 0.3071091644204852 0.020217336365933786 0.02055256064690027
1 0.6300227445034117 0.3101415094339623 0.01819560272934041 0.021226415094339625
1 0.6096790497851907 0.30879380053908356 0.017942886024766236 0.02526954177897574
1 0.5905989385898407 0.3079514824797844 0.01819560272934041 0.02762803234501348
1 0.5712661106899165 0.30643530997304586 0.016426585797321203 0.023247978436657685
1 0.552817791256002 0.30913072776280326 0.015415718979024513 0.019204851752021565
1 0.6785443517816527 0.2825134770889488 0.015668435683598686 0.0158355795148248
1 0.6799342936568107 0.2644878706199461 0.013393985342431134 0.022911051212938006
1 0.6835986858731361 0.24039757412398924 0.019206469547637096 0.019204851752021565
1 0.6738690927470306 0.2213611859838275 0.013899418751579478 0.01886792452830189
1 0.6796815769522365 0.19541778975741242 0.01945918625221127 0.024932614555256066
1 0.6578215820065706 0.2257412398921833 0.019711902956785442 0.02425876010781671
1 0.6474601971190295 0.254211590296496 0.016679302501895373 0.023921832884097036
1 0.6637604245640636 0.2521900269541779 0.015921152388172856 0.023921832884097036
1 0.659969673995451 0.2813342318059299 0.018953752843062926 0.026954177897574125
1 0.6391205458680819 0.27847035040431267 0.01718473591104372 0.02257412398921833
1 0.6228203184230477 0.289588948787062 0.017437452615617893 0.02055256064690027
1 0.5812484205205963 0.2830188679245283 0.017690169320192062 0.020215633423180595
1 0.5598938589840788 0.287567385444744 0.02047005307050796 0.025943396226415096
1 0.5521859994945666 0.261455525606469 0.014152135456153651 0.020889487870619946
1 0.5731614859742229 0.2626347708894879 0.014152135456153651 0.02055256064690027
1 0.5924943138741471 0.2622978436657682 0.017437452615617893 0.021900269541778976
1 0.6151124589335355 0.26819407008086255 0.021228203184230476 0.01954177897574124
1 0.6292645943896891 0.2636455525606469 0.012130401819560273 0.0158355795148248
1 0.6293909527419762 0.24477762803234504 0.014910285569876168 0.01785714285714286
1 0.6382360374020722 0.22692048517520216 0.016932019206469546 0.023247978436657685
1 0.6210513014910285 0.22624663072776283 0.015415718979024513 0.021226415094339625
1 0.6266110689916603 0.20923180592991916 0.016426585797321203 0.018194070080862535
1 0.6161233257518322 0.19390161725067387 0.013141268637856961 0.014487870619946093
1 0.6082891079100328 0.2126010781671159 0.017690169320192062 0.01954177897574124
1 0.6108162749557745 0.24528301886792453 0.01718473591104372 0.020889487870619946
1 0.5966641394996208 0.22877358490566038 0.019711902956785442 0.022237196765498655
1 0.5803639120545867 0.24477762803234504 0.016932019206469546 0.019204851752021565
1 0.5638109679049784 0.2459568733153639 0.014657568865301996 0.01752021563342318
1 0.5566085418246146 0.2240566037735849 0.01945918625221127 0.02358490566037736
1 0.5746777862016679 0.2240566037735849 0.015668435683598686 0.0215633423180593
1 0.5876926964872378 0.2120956873315364 0.013899418751579478 0.01785714285714286
1 0.5935051806924437 0.19727088948787064 0.016426585797321203 0.019878706199460916
1 0.5720242608036391 0.1957547169811321 0.015921152388172856 0.02830188679245283
1 0.5539550164265857 0.20097708894878707 0.014152135456153651 0.019204851752021565
1 0.721506191559262 0.3086253369272237 0.020217336365933786 0.02628032345013477
1 0.7365428354814253 0.3128369272237197 0.007328784432650998 0.01179245283018868
1 0.7370482688905736 0.29278975741239893 0.013899418751579478 0.018194070080862535
1 0.7180945160475107 0.28049191374663074 0.02047005307050796 0.023921832884097036
1 0.7388172858225928 0.2668463611859838 0.017437452615617893 0.02830188679245283
1 0.7184735911043719 0.2525269541778976 0.020217336365933786 0.0272911051212938
1 0.7354056103108415 0.23820754716981132 0.017690169320192062 0.022237196765498655
1 0.7188526661612332 0.2243935309973046 0.02047005307050796 0.02628032345013477
1 0.7185999494566591 0.19659703504043127 0.019964619661359616 0.02931266846361186
1 0.7455142784938084 0.19474393530997305 0.029820571139752335 0.03773584905660378
1 0.7480414455395501 0.22422506738544476 0.03032600454890068 0.032681940700808626
1 0.7725549658832448 0.18362533692722374 0.03184230477634571 0.04784366576819407
1 0.7803891837250442 0.21664420485175204 0.030831437958049025 0.03840970350404313
1 0.7998483699772554 0.2001347708894879 0.020722769775082132 0.0215633423180593
1 0.8141268637856962 0.19743935309973046 0.018953752843062926 0.02560646900269542
1 0.8361132170836492 0.19171159029649595 0.021986353297952992 0.02425876010781671
1 0.8023755370229971 0.23079514824797845 0.02274450341167551 0.03908355795148248
1 0.835986858731362 0.2265835579514825 0.04094010614101592 0.041442048517520216
1 0.8337124083901946 0.2671832884097035 0.0475107404599444 0.03840970350404313
1 0.8393985342431134 0.3032345013477089 0.026535253980288095 0.03234501347708895
1 0.8136214303765478 0.30154986522911054 0.024513520343694715 0.03571428571428572
1 0.7884761182714177 0.3017183288409704 0.02476623704826889 0.034029649595687335
1 0.7587819054839524 0.3002021563342318 0.03260045489006823 0.04245283018867925
1 0.7979529946929491 0.2663409703504043 0.02249178670710134 0.03537735849056604
1 0.7676269901440484 0.2560646900269542 0.03664392216325499 0.04110512129380054
1 0.897397017942886 0.2809973045822103 0.07328784432650998 0.08692722371967655
1 0.9014404852160727 0.2063679245283019 0.08541824614607024 0.058288409703504046
1 0.9724538792014151 0.20973719676549865 0.052565074551427844 0.053571428571428575
1 0.9682840535759413 0.2811657681940701 0.06191559262067222 0.08254716981132076
