1 0.10494490728298843 0.1439225962507559 0.1066917495296963 0.0463616206409998
1 0.24603601182477827 0.14624067728280588 0.11045417898414404 0.04172545857689982
1 0.36119322762698197 0.14583753275549285 0.10104810534802472 0.03970973594033461
1 0.48078473528621335 0.1464422495464624 0.10427304488040848 0.03850030235839549
1 0.5987637731792529 0.14482967143721023 0.10911045417898413 0.04495061479540415
1 0.7305831765654394 0.14432574077806895 0.1083042192958882 0.04031445273130417
1 0.8560870733673743 0.14130215682322111 0.11045417898414404 0.04273331989518242
1 0.14243482934694973 0.2907679903245313 0.10588551464660037 0.04454747026809111
1 0.27022305831765653 0.29046563192904656 0.10346680999731254 0.04031445273130417
1 0.402311206664875 0.2922797823019552 0.10749798441279225 0.04273331989518242
1 0.5260682612201021 0.28955855674259223 0.1066917495296963 0.040919169522273736
1 0.6604407417360924 0.289860915138077 0.1040042999193765 0.039105019149365046
1 0.7823165815640956 0.289860915138077 0.09782316581564095 0.04031445273130417
1 0.8946519752754635 0.289860915138077 0.10588551464660037 0.039105019149365046
1 0.11690405804891157 0.43156621648861115 0.09513571620532114 0.04071759725861721
1 0.24334856221445847 0.4319693610159242 0.10722923945176027 0.041523886313243295
1 0.36414942219833374 0.4311630719612981 0.10481053480247245 0.04353960894980851
1 0.48293469497446917 0.4302559967748438 0.1069604944907283 0.043338036686151986
1 0.6054823972050524 0.4312638580931264 0.10104810534802472 0.04132231404958678
1 0.7292394517602794 0.43186857488409597 0.10239183015318462 0.04172545857689982
1 0.8605213652244019 0.43156621648861115 0.10642300456866433 0.04394275347712155
1 0.03507121741467347 0.5485789155412215 0.06423004568664337 0.07518645434388228
1 0.11757592045149153 0.5494859907276759 0.06530502553077129 0.07458173755291272
1 0.2109647944101048 0.5517032856278976 0.06288632088148347 0.07659746018947793
1 0.29494759473259874 0.552610360814352 0.048105348024724534 0.07115500907075187
1 0.3677774791722655 0.552207216287039 0.04649287825853265 0.07317073170731707
1 0.41937651169040574 0.552207216287039 0.04488040849234076 0.0715581535980649
1 0.5051061542596076 0.5501914936504737 0.05993012631013168 0.0743801652892562
1 0.5868046224133296 0.5499899213868171 0.0610051061542596 0.0743801652892562
1 0.6621875839828003 0.5508969965732715 0.05912389142703574 0.07498488208022576
1 0.7531577532921258 0.5669219915339649 0.1040042999193765 0.04616004837734328
1 0.8699274388605213 0.5659141302156824 0.10911045417898413 0.04616004837734328
1 0.1261757592045149 0.6970368877242491 0.10507927976350442 0.0463616206409998
1 0.2402579951625907 0.6979439629107035 0.10803547433485622 0.0473694819592824
1 0.3617307175490459 0.6976416045152187 0.10212308519215264 0.04676476516831284
1 0.4772910507927976 0.6961298125377948 0.10212308519215264 0.04656319290465632
1 0.5888202096210695 0.6789961701269905 0.06503628056973931 0.07841161056238662
1 0.6609782316581564 0.6798024591816166 0.06261757592045149 0.07800846603507358
1 0.7364955657081429 0.6732513606127797 0.07336737436173071 0.04595847611368676
1 0.8230314431604406 0.6749647248538602 0.06423004568664337 0.04777262648659544
1 0.8942488578339155 0.6736545051400927 0.06852996506315506 0.049586776859504134
1 0.1275194840096748 0.8269502116508769 0.097016930932545 0.04172545857689982
1 0.2287019618382155 0.8288651481556139 0.09889814565976887 0.04595847611368676
1 0.33418435904326793 0.8279580729691595 0.1013168503090567 0.0425317476315259
1 0.4371136791185165 0.8290667204192703 0.1013168503090567 0.044749042531747635
1 0.5498521902714324 0.8306792985285225 0.0999731255038968 0.04434589800443459
1 0.9646600376242944 0.5660149163475106 0.06423004568664337 0.044749042531747635
1 0.9807847352862133 0.6781898810723644 0.03574307981725342 0.04616004837734328
1 0.023783929051330286 0.14432574077806895 0.04219295888202096 0.038701874622052004
1 0.03211502284332168 0.2900624874017335 0.06046761623219564 0.04031445273130417
1 0.02660575114216608 0.43096149969764164 0.046761623219564626 0.038701874622052004
1 0.9692287019618381 0.14170530135053416 0.0610051061542596 0.04394275347712155
1 0.9756785810266057 0.28663575891957266 0.04326793872614888 0.041523886313243295
1 0.03319000268744961 0.8278572868373312 0.062080085998387526 0.038701874622052004
1 0.6556033324375168 0.8284620036283008 0.0986294006987369 0.04676476516831284
1 0.7574576726686374 0.8279580729691595 0.10024187046492877 0.048578915541221526
1 0.8747648481590969 0.8273533561781898 0.10857296425692017 0.04656319290465632
1 0.9661381349099704 0.8276557145736747 0.06288632088148347 0.04595847611368676
1 0.03950550927170115 0.9791372707115501 0.07793603869927439 0.03850030235839549
1 0.13800053748992205 0.9777262648659545 0.0986294006987369 0.04212860310421286
1 0.2691480784735286 0.9794396291070349 0.097016930932545 0.04071759725861721
1 0.37489922063961295 0.9639185648054828 0.05536146197258801 0.07055029227978231
1 0.4690943294813222 0.9424511187260634 0.0610051061542596 0.11348518443862125
1 0.5444772910507928 0.9414432574077807 0.06449879064767534 0.11388832896593429
1 0.6590970169309325 0.9163475105825438 0.08304219295888202 0.07055029227978231
1 0.6589626444504165 0.976012900624874 0.08062348830959419 0.047167909695625884
1 0.7741198602526201 0.9665390042330175 0.05563020693361999 0.06530941342471276
1 0.8310937919914001 0.9657327151783914 0.05240526740123622 0.06651884700665188
1 0.887127116366568 0.9657327151783914 0.056436441816715935 0.0657125579520258
1 0.9450416554689599 0.9661358597057045 0.05348024724536415 0.06732513606127796
1 0.985487772104273 0.965531142914735 0.0263370061811341 0.0685345696432171
1 0.15694705724267669 0.2261640798226164 0.10158559527008867 0.02580124974803467
1 0.15466272507390486 0.24833702882483372 0.10077936038699273 0.023785527111469463
1 0.15439398011287286 0.26557145736746623 0.1013168503090567 0.017133642410804274
1 0.03439935501209352 0.2249546462406773 0.06611126041386724 0.021769804474904255
1 0.036952432141897334 0.2468252368474098 0.06960494490728299 0.01914936504736948
1 0.03789303950550927 0.2653698851038097 0.07148615963450684 0.01914936504736948
1 0.28527277613544744 0.2646643821810119 0.1040042999193765 0.017738359201773836
1 0.031980650362805695 0.01854464825639992 0.0596613813490997 0.02338238258415642
1 0.03009943563558183 0.04071759725861721 0.05912389142703574 0.02096351542027817
1 0.032652512765385645 0.06258818786534973 0.0610051061542596 0.02277766579318686
1 0.0305025530771298 0.08335013102197138 0.0583176565439398 0.020761943156621648
1 0.029696318194033858 0.10360814351945173 0.059392636388067716 0.01854464825639992
1 0.02553077129803816 0.12003628300745818 0.049449072829884436 0.012295908083047773
1 0.1208008599838753 0.005744809514210845 0.10722923945176027 0.009070751864543439
1 0.12362268207471108 0.020560370892965127 0.1096479441010481 0.017335214674460794
1 0.12254770223058317 0.04192703084055634 0.1096479441010481 0.02136665994759121
1 0.12227895726955118 0.061277968151582346 0.11126041386723998 0.01894779278371296
1 0.12133834990593925 0.08284620036283008 0.1083042192958882 0.017335214674460794
1 0.12147272238645525 0.10199556541019955 0.11072292394517602 0.021769804474904255
1 0.11730717549045955 0.11852449103003426 0.10561676968556839 0.00927232412819996
1 0.24496103198065033 0.005946381777867366 0.10991668906208008 0.00947389639185648
1 0.24079548508465465 0.021568232211247734 0.1096479441010481 0.01854464825639992
1 0.24617038430529425 0.040919169522273736 0.1150228433216877 0.019350937311026002
1 0.24711099166890618 0.06329369078814755 0.10991668906208008 0.020560370892965127
1 0.2454985219027143 0.08425720620842572 0.10991668906208008 0.019754081838339044
1 0.24657350174684223 0.10441443257407781 0.10776672937382423 0.01652892561983471
1 0.24482665950013435 0.11812134650272123 0.11126041386723998 0.008466035073573876
1 0.3662993818865896 0.06248740173352147 0.10749798441279225 0.02136665994759121
1 0.3665681268476216 0.08466035073573876 0.11018543402311205 0.020560370892965127
1 0.3676431066917495 0.10683329973795606 0.10803547433485622 0.020560370892965127
1 0.36818059661381347 0.12185043338036686 0.1069604944907283 0.010280185446482563
1 0.4805159903251814 0.006349526305180407 0.11018543402311205 0.008667607337230397
1 0.41964525665143776 0.020358798629308606 0.0061811341037355545 0.016932070147147753
1 0.4801128728836334 0.021769804474904255 0.10937919914001612 0.018141503729086877
1 0.4768879333512496 0.04353960894980851 0.11152915882827195 0.01894779278371296
1 0.4768879333512496 0.06389840757911712 0.10937919914001612 0.017738359201773836
1 0.4758129535071217 0.08466035073573876 0.1083042192958882 0.018141503729086877
1 0.47796291319537754 0.10481757710139085 0.10722923945176027 0.022172949002217297
1 0.47796291319537754 0.12144728885305382 0.10937919914001612 0.010280185446482563
1 0.4049986562751948 0.22707115500907074 0.10481053480247245 0.019955654101995565
1 0.4047299113141628 0.2470268091110663 0.10427304488040848 0.019955654101995565
1 0.40674549852190267 0.2646643821810119 0.10722923945176027 0.014513202983269502
1 0.5287557108304218 0.24692602297923805 0.10776672937382423 0.021769804474904255
1 0.5294275732330018 0.2639588792582141 0.11018543402311205 0.010280185446482563
1 0.03708680462241332 0.3657528724047571 0.07202364955657081 0.018343075992743398
1 0.036146197258801395 0.3854061681112679 0.07175490459553882 0.01894779278371296
1 0.03480247245364149 0.4037492441040113 0.06745498521902714 0.01411005845595646
1 0.1345068529965063 0.36615601693207017 0.11314162859446385 0.022374521265873817
1 0.12953507121741467 0.3843983067929853 0.11126041386723998 0.016932070147147753
1 0.12953507121741467 0.4034468857085265 0.10481053480247245 0.01632735335617819
1 0.24522977694168233 0.36665994759121145 0.10561676968556839 0.017335214674460794
1 0.24509540446116634 0.3848014513202983 0.10803547433485622 0.016932070147147753
1 0.24643912926632625 0.4022374521265874 0.11072292394517602 0.017939931465430357
1 0.36159634506852995 0.364946583350131 0.10615425960763235 0.020761943156621648
1 0.36025262026337 0.3856077403749244 0.10722923945176027 0.020560370892965127
1 0.3591776404192421 0.4020358798629309 0.1066917495296963 0.015521064301552107
1 0.4785004031174415 0.3657528724047571 0.1066917495296963 0.020358798629308606
1 0.47796291319537754 0.3864140294295505 0.1066917495296963 0.016932070147147753
1 0.4785004031174415 0.4037492441040113 0.1066917495296963 0.012900624874017335
1 0.5982262832571889 0.007256601491634751 0.10749798441279225 0.014513202983269502
1 0.595404461166353 0.02388631324329772 0.10454178984144047 0.01592420882886515
1 0.5919107766729373 0.04222938923604112 0.10561676968556839 0.019955654101995565
1 0.651437785541521 0.22576093529530336 0.11072292394517602 0.01894779278371296
1 0.652109647944101 0.24712759524289457 0.11206664875033592 0.016932070147147753
1 0.6529158828271969 0.26123765369885105 0.10937919914001612 0.011288046764765169
1 0.7708949207202365 0.22666801048175772 0.1040042999193765 0.01874622052005644
1 0.7684762160709486 0.24652287845192503 0.10722923945176027 0.016932070147147753
1 0.7692824509540446 0.26194315662164885 0.10346680999731254 0.009877040919169522
1 0.8817522171459284 0.2236444265269099 0.10588551464660037 0.016730497883491232
1 0.8839021768341843 0.2440032251562185 0.10588551464660037 0.016730497883491232
1 0.8855146466003762 0.26174158435799233 0.11179790378930395 0.013505341664986898
1 0.970034936844934 0.22243499294497077 0.0583176565439398 0.022374521265873817
1 0.9720505240526739 0.2432977222334207 0.05321150228433216 0.017335214674460794
1 0.9720505240526739 0.2602297923805684 0.05428648212846009 0.014513202983269502
1 0.721445847890352 0.006248740173352147 0.10722923945176027 0.010481757710139084
1 0.7234614350980918 0.024188671638782504 0.10857296425692017 0.019350937311026002
1 0.7210427304488041 0.045756903850030235 0.10803547433485622 0.02096351542027817
1 0.7223864552539639 0.06813142511590405 0.10803547433485622 0.017738359201773836
1 0.7230583176565438 0.08849022374521266 0.10937919914001612 0.017738359201773836
1 0.7201021230851921 0.10582543841967346 0.10991668906208008 0.01894779278371296
1 0.7221177102929319 0.11953235234831687 0.11126041386723998 0.004434589800443459
1 0.8497715667831227 0.016932070147147753 0.10803547433485622 0.02297923805684338
1 0.8513840365493146 0.040516024994960695 0.11126041386723998 0.01854464825639992
1 0.8490997043805428 0.060874823624269304 0.11206664875033592 0.019350937311026002
1 0.847084117172803 0.08324934489014311 0.11448535339962375 0.019350937311026002
1 0.847084117172803 0.10340657125579521 0.1069604944907283 0.015722636565208628
1 0.8493684493415747 0.11509776254787342 0.11260413867239988 0.004434589800443459
1 0.9629131953775866 0.016730497883491232 0.07148615963450684 0.02338238258415642
1 0.9169578070411178 0.037694013303769404 0.013437248051599031 0.014916347510582543
1 0.9185702768073097 0.05895988711953235 0.013974737973662993 0.01632735335617819
1 0.9183015318462778 0.07861318282604314 0.013437248051599031 0.012900624874017335
1 0.9627788228970706 0.040516024994960695 0.07175490459553882 0.019350937311026002
1 0.9634506852996505 0.061177182019754084 0.07148615963450684 0.026809111066317275
1 0.9627788228970706 0.08324934489014311 0.07175490459553882 0.02539810522072163
1 0.9607632356893308 0.1023987099375126 0.06879871002418704 0.024994960693408588
1 0.9618382155334586 0.11902842168917557 0.06826122010212309 0.01632735335617819
1 0.9213920988981456 0.14785325539205804 0.01263101316850309 0.01632735335617819
1 0.9166890620800859 0.09887119532352348 0.016662187583982798 0.019955654101995565
1 0.6025262026337006 0.384297520661157 0.09782316581564095 0.01914936504736948
1 0.9677506046761623 0.40082644628099173 0.05697393173877989 0.09574682523684741
1 0.6037355549583445 0.40536182221326345 0.10507927976350442 0.018141503729086877
1 0.6623219564633163 0.36716387825035274 0.012093523246439128 0.02116508768393469
1 0.7265520021499596 0.3662568030638984 0.10346680999731254 0.019350937311026002
1 0.720908357968288 0.3858093126385809 0.10346680999731254 0.01612578109252167
1 0.7176834184359042 0.40233823825841564 0.0986294006987369 0.014513202983269502
1 0.8442622950819672 0.36444265269098974 0.10185434023112065 0.018141503729086877
1 0.8446654125235151 0.3849022374521266 0.10911045417898413 0.017939931465430357
1 0.8406342381080354 0.40324531344486997 0.10104810534802472 0.01874622052005644
1 0.7953507121741467 0.42249546462406773 0.015318462778822897 0.012497480346704294
1 0.7945444772910507 0.4414432574077807 0.010481053480247244 0.016932070147147753
1 0.9630475678581025 0.4970772021769804 0.0679924751410911 0.013706913928643418
1 0.9622413329750066 0.5178391453336021 0.07121741467347487 0.016932070147147753
1 0.9646600376242944 0.5349727877444064 0.06638000537489921 0.011288046764765169
1 0.8656275194840096 0.4841765773029631 0.11878527277613543 0.024188671638782504
1 0.8684493415748454 0.5052408788550695 0.10991668906208008 0.01431163071961298
1 0.8648212846009137 0.5223745212658738 0.10588551464660037 0.017536786938117315
1 0.8640150497178177 0.5392058052811933 0.1026605751142166 0.013706913928643418
1 0.7395861327600107 0.4835718605119936 0.1026605751142166 0.019350937311026002
1 0.7424079548508464 0.5075589598871195 0.10346680999731254 0.018141503729086877
1 0.748051599032518 0.5232815964523282 0.10024187046492877 0.013303769401330377
1 0.7500671862402579 0.5379963716992542 0.10104810534802472 0.011288046764765169
1 0.6562751948400967 0.5090707518645434 0.045149153453372746 0.007861318282604314
1 0.5849234076861058 0.5072566014916348 0.04004299919376511 0.0066518847006651885
1 0.5014780972856758 0.5117919774239065 0.05428648212846009 0.007256601491634751
1 0.30462241332975004 0.5102801854464826 0.041117979037893035 0.0066518847006651885
1 0.3262563826928245 0.5361822213263455 0.00859983875302338 0.019754081838339044
1 0.3286750873421123 0.5551300141100585 0.011824778285407147 0.016932070147147753
1 0.23246439129266325 0.5142108445877848 0.04407417360924482 0.014513202983269502
1 0.24926095135716203 0.5376940133037694 0.01693093254501478 0.020358798629308606
1 0.25208277344799784 0.5578512396694215 0.012899758129535071 0.02116508768393469
1 0.028218220908357967 0.697742390647047 0.056436441816715935 0.04011288046764765
1 0.03319000268744961 0.666397903648458 0.06584251545283526 0.015319492037895587
1 0.031308787960225744 0.6507760532150776 0.0583176565439398 0.017536786938117315
1 0.03211502284332168 0.6333400524087885 0.062080085998387526 0.014513202983269502
1 0.13813490997043804 0.6247732312033865 0.11018543402311205 0.029631122757508566
0 0.10185434023112065 0.17325136061277968 0.011824778285407147 0.004233017536786938
0 0.235823703305563 0.173755291271921 0.012093523246439128 0.0048377343277565005
0 0.37073367374361726 0.17486393872203185 0.014243482934694972 0.004233017536786938
0 0.49717817790916413 0.17385607740374925 0.013437248051599031 0.00463616206409998
0 0.6170384305294275 0.173755291271921 0.013974737973662993 0.0056440233823825845
0 0.7512765385649018 0.17335214674460794 0.012093523246439128 0.0056440233823825845
0 0.8894114485353399 0.17032856278976014 0.01263101316850309 0.0048377343277565005
0 0.08492340768610587 0.3186857488409595 0.015049717817790915 0.005240878855069542
0 0.26444504165546895 0.318484176577303 0.014512227895726953 0.006450312437008668
0 0.42072023649556567 0.3190888933682725 0.013705993012631012 0.006853456964321709
0 0.0943294813222252 0.4609957669824632 0.011824778285407147 0.007659746018947793
0 0.21835528083848427 0.4621044144325741 0.014780972856758934 0.005845595646039105
0 0.5051061542596076 0.31717395686353556 0.01316850309056705 0.0066518847006651885
0 0.3495028218220908 0.46220520056440234 0.01263101316850309 0.005240878855069542
0 0.46842246707874224 0.46230598669623063 0.013437248051599031 0.005442451118726064
0 0.6574845471647406 0.3185849627091312 0.01585595270088686 0.005039306591413021
0 0.7745229776941681 0.3186857488409595 0.012362268207471109 0.004434589800443459
0 0.8993550120935232 0.31727474299536385 0.01316850309056705 0.0056440233823825845
0 0.7366299381886589 0.46291070348720015 0.012362268207471109 0.0066518847006651885
0 0.5980919107766729 0.46291070348720015 0.014243482934694972 0.0066518847006651885
0 0.8542058586401504 0.4619028421689176 0.013705993012631012 0.005442451118726064
0 0.9946251007793603 0.45998790566418063 0.00859983875302338 0.005240878855069542
0 0.10333243751679655 0.6001814150372908 0.014780972856758934 0.00463616206409998
0 0.1969900564364418 0.5983672646643822 0.013437248051599031 0.005442451118726064
0 0.3638806772373018 0.5985688369280387 0.012899758129535071 0.005039306591413021
0 0.4146734748723461 0.5974601894779279 0.015049717817790915 0.0056440233823825845
0 0.4733942488578339 0.6006853456964322 0.014780972856758934 0.005240878855069542
0 0.5498521902714324 0.60139084861923 0.015587207739854876 0.0066518847006651885
0 0.6307444235420585 0.5989719814553518 0.015049717817790915 0.00705502922797823
0 0.7531577532921258 0.5999798427736344 0.01693093254501478 0.007458173755291272
0 0.8820209621069605 0.5999798427736344 0.01719967750604676 0.007458173755291272
0 0.9192421392098897 0.7350332594235033 0.013705993012631012 0.005039306591413021
0 0.8254501478097285 0.7340253981052207 0.013705993012631012 0.005845595646039105
0 0.7328675087342111 0.7343277565007055 0.015049717817790915 0.006450312437008668
0 0.6745498521902714 0.7335214674460794 0.015049717817790915 0.008062890546260835
0 0.5866702499328137 0.7309010280185446 0.013974737973662993 0.0056440233823825845
1 0.7335393711367911 0.7085265067526708 0.06530502553077129 0.022172949002217297
1 0.8028755710830421 0.6453336020963516 0.05079279763504434 0.012699052610360815
1 0.8161784466541252 0.7114493045756904 0.07471109916689062 0.02116508768393469
1 0.8860521365224401 0.6436202378552711 0.05697393173877989 0.00927232412819996
1 0.8984144047299112 0.7109453739165491 0.06611126041386724 0.022172949002217297
1 0.9650631550658424 0.6496674057649667 0.0623488309594195 0.019754081838339044
1 0.9481322225208276 0.6755694416448297 0.019887127116366567 0.013102197137673856
1 0.9481322225208276 0.6896795001007862 0.0263370061811341 0.008667607337230397
1 0.9768879333512496 0.7130618826849425 0.040311744154797095 0.015521064301552107
1 0.13490997043805428 0.6505744809514211 0.0999731255038968 0.016730497883491232
1 0.13235689330825046 0.666801048175771 0.09809191077667292 0.013303769401330377
1 0.24912657887664605 0.6275952428945777 0.10212308519215264 0.027615400120943358
1 0.24375167965600641 0.6514815561378754 0.0983606557377049 0.014916347510582543
1 0.2480515990325181 0.6659947591211449 0.09889814565976887 0.014916347510582543
1 0.36414942219833374 0.6262850231808104 0.0983606557377049 0.029026405966539003
1 0.36374630475678577 0.6492642612376537 0.09594195108841708 0.019754081838339044
1 0.36280569739317386 0.6665994759121145 0.0929857565170653 0.015319492037895587
1 0.47366299381886584 0.6258818786534973 0.09002956194571352 0.024591816166095546
1 0.47540983606557374 0.6480548276557145 0.09513571620532114 0.01612578109252167
1 0.47540983606557374 0.6650876839346906 0.09674818597151302 0.01592420882886515
0 0.01693093254501478 0.7319088893368273 0.014512227895726953 0.005240878855069542
0 0.12147272238645525 0.7333198951824229 0.016124697661918836 0.004434589800443459
0 0.2567858102660575 0.7339246119733924 0.013705993012631012 0.0048377343277565005
0 0.3732867508734211 0.7324128199959685 0.016124697661918836 0.007458173755291272
0 0.45565708142972317 0.7332191090505946 0.013705993012631012 0.005845595646039105
1 0.03668368718086536 0.7551904857891554 0.06906745498521902 0.029631122757508566
1 0.03869927438860521 0.7794799435597661 0.07417360924482665 0.01411005845595646
1 0.036818059661381346 0.7954041523886314 0.07363611932276269 0.012497480346704294
1 0.03708680462241332 0.8044749042531748 0.07309862940069874 0.003225156218504334
1 0.1345068529965063 0.755392058052812 0.10991668906208008 0.02600282201169119
1 0.13437248051599032 0.7771618625277162 0.10104810534802472 0.01632735335617819
1 0.13168503090567052 0.7946986494658335 0.09889814565976887 0.01632735335617819
1 0.24455791453910236 0.7562991332392662 0.0983606557377049 0.029026405966539003
1 0.23542058586401504 0.7779681515823422 0.09728567589357699 0.017939931465430357
1 0.2346143509809191 0.796815158234227 0.09782316581564095 0.014916347510582543
1 0.3430529427573233 0.7718201975408184 0.09486697124428917 0.033864140294295506
1 0.3387530233808116 0.7974198750251965 0.0986294006987369 0.017335214674460794
1 0.444101048105348 0.7713162668816771 0.09379199140016124 0.030437411812134652
1 0.4428916957807041 0.796412013706914 0.09782316581564095 0.017335214674460794
0 0.01585595270088686 0.8639387220318484 0.016124697661918836 0.006450312437008668
0 0.17374361730717547 0.8640395081636767 0.014780972856758934 0.005442451118726064
0 0.3091910776672937 0.8665591614593832 0.01316850309056705 0.0056440233823825845
0 0.44490728298844395 0.8667607337230397 0.01746842246707874 0.005240878855069542
0 0.5784735286213383 0.8670630921185245 0.01693093254501478 0.00705502922797823
0 0.7238645525396398 0.8670630921185245 0.01585595270088686 0.007861318282604314
0 0.8669712442891695 0.8675670227776658 0.016662187583982798 0.006853456964321709
0 0.984009674818597 0.8701874622052006 0.016393442622950817 0.006047167909695626
1 0.5464928782585327 0.7689981858496271 0.09647944101048105 0.03587986293086071
1 0.5470303681805966 0.7960088691796009 0.09379199140016124 0.01894779278371296
1 0.6480784735286212 0.7568030638984076 0.10077936038699273 0.0280185446482564
1 0.6472722386455253 0.7798830880870792 0.097016930932545 0.015319492037895587
1 0.6500940607363611 0.7962104414432574 0.09352324643912925 0.014916347510582543
1 0.7566514377855414 0.7587180004031445 0.09540446116635312 0.029429550493852045
1 0.7577264176296694 0.781697238459988 0.09755442085460897 0.014916347510582543
1 0.7561139478634775 0.7970167304978835 0.09755442085460897 0.011288046764765169
1 0.8693899489384573 0.7580124974803467 0.0999731255038968 0.0280185446482564
1 0.8704649287825853 0.779782301955251 0.10212308519215264 0.017939931465430357
1 0.8692555764579414 0.7977222334206813 0.09970438054286482 0.015117919774239066
1 0.9613007256113947 0.7716186252771619 0.07471109916689062 0.031445273130417256
1 0.9637194302606825 0.7984277363434792 0.06772373018005912 0.014916347510582543
1 0.04985219027143241 0.8922596250755896 0.09271701155603332 0.03487200161257811
1 0.04568664337543671 0.9190687361419069 0.08438591776404192 0.017536786938117315
1 0.045417898414404724 0.9350937311026003 0.09029830690674549 0.017738359201773836
1 0.04622413329750067 0.949707720217698 0.09244826659500134 0.01632735335617819
1 0.15009406073636117 0.9104011288046765 0.09594195108841708 0.03487200161257811
1 0.15466272507390486 0.9338842975206612 0.0986294006987369 0.019350937311026002
1 0.15694705724267669 0.9495061479540415 0.10427304488040848 0.018343075992743398
1 0.28043536683687176 0.8835920177383592 0.10346680999731254 0.015521064301552107
1 0.277210427304488 0.8972989316670026 0.10346680999731254 0.007861318282604314
1 0.27747917226552 0.9085869784317678 0.10077936038699273 0.009877040919169522
1 0.2758667024993281 0.9234025398105221 0.09647944101048105 0.014916347510582543
1 0.27747917226552 0.9384196734529329 0.09970438054286482 0.011086474501108648
1 0.27667293738242404 0.9515218705906068 0.09916689062080085 0.010280185446482563
1 0.3853802741198602 0.9248135456561177 0.05052405267401236 0.006853456964321709
1 0.03426498253157753 0.5492844184640193 0.057780166621875836 0.07740374924410401
1 0.5902983069067455 0.06692199153396493 0.11045417898414404 0.020560370892965127
1 0.5937919914001611 0.08697843176778876 0.10776672937382423 0.01390848619229994
1 0.5917764041924214 0.10582543841967346 0.11556033324375167 0.019754081838339044
